  2.000000000000000E-003  2.000000000000000E-003  -1.30052972733636     
  2.000000000000000E-003  0.302332916666667       -1.33501934445897     
  2.000000000000000E-003  0.602665833333333       -1.30073964001372     
  2.000000000000000E-003  0.902998750000000       -1.22200639496048     
  2.000000000000000E-003   1.20333166666667       -1.15742527915896     
  2.000000000000000E-003   1.50366458333333       -1.11191966415838     
  2.000000000000000E-003   1.80399750000000       -1.08166654660208     
  2.000000000000000E-003   2.10433041666667       -1.06655982156427     
  2.000000000000000E-003   2.40466333333333       -1.07137518846123     
  2.000000000000000E-003   2.70499625000000       -1.09695617166492     
  2.000000000000000E-003   3.00532916666667       -1.13156453052829     
  2.000000000000000E-003   3.30566208333333       -1.15327452489006     
  2.000000000000000E-003   3.60599500000000       -1.15422199873525     
  2.000000000000000E-003   3.90632791666667       -1.08488443943057     
  2.000000000000000E-003   4.20666083333333      -0.997888617097516     
  2.000000000000000E-003   4.50699375000000      -0.900227974313013     
  2.000000000000000E-003   4.80732666666667      -0.816927943818838     
  2.000000000000000E-003   5.10765958333333      -0.757433884297563     
  2.000000000000000E-003   5.40799250000000      -0.720042641409394     
  2.000000000000000E-003   5.70832541666667      -0.699912028731555     
  2.000000000000000E-003   6.00865833333333      -0.695239177742995     
  2.000000000000000E-003   6.30899125000000      -0.705852519945337     
  2.000000000000000E-003   6.60932416666667      -0.727044113863234     
  2.000000000000000E-003   6.90965708333333      -0.728964567307582     
  2.000000000000000E-003   7.20999000000000      -0.701933444723224     
  0.302332916666667       2.000000000000000E-003  -1.33501243453452     
  0.302332916666667       0.302332916666667       -1.27767319358332     
  0.302332916666667       0.602665833333333       -1.26505329228225     
  0.302332916666667       0.902998750000000       -1.23653193111223     
  0.302332916666667        1.20333166666667       -1.19605344094201     
  0.302332916666667        1.50366458333333       -1.15859372012359     
  0.302332916666667        1.80399750000000       -1.12918127197101     
  0.302332916666667        2.10433041666667       -1.11075575093324     
  0.302332916666667        2.40466333333333       -1.11033365275178     
  0.302332916666667        2.70499625000000       -1.12971965913544     
  0.302332916666667        3.00532916666667       -1.15489492998118     
  0.302332916666667        3.30566208333333       -1.16729676886124     
  0.302332916666667        3.60599500000000       -1.15052323399023     
  0.302332916666667        3.90632791666667       -1.09324746278261     
  0.302332916666667        4.20666083333333       -1.00404135393024     
  0.302332916666667        4.50699375000000      -0.907461977080140     
  0.302332916666667        4.80732666666667      -0.825734501111054     
  0.302332916666667        5.10765958333333      -0.767341800730053     
  0.302332916666667        5.40799250000000      -0.729661988849816     
  0.302332916666667        5.70832541666667      -0.707893450411207     
  0.302332916666667        6.00865833333333      -0.699448984013314     
  0.302332916666667        6.30899125000000      -0.701919772102551     
  0.302332916666667        6.60932416666667      -0.708312989378740     
  0.302332916666667        6.90965708333333      -0.707236916486345     
  0.302332916666667        7.20999000000000      -0.708144745218935     
  0.602665833333333       2.000000000000000E-003  -1.30072771380400     
  0.602665833333333       0.302332916666667       -1.26504647265126     
  0.602665833333333       0.602665833333333       -1.23707887813692     
  0.602665833333333       0.902998750000000       -1.23023671940044     
  0.602665833333333        1.20333166666667       -1.21320379147524     
  0.602665833333333        1.50366458333333       -1.18794504268211     
  0.602665833333333        1.80399750000000       -1.16140526761297     
  0.602665833333333        2.10433041666667       -1.13937650253008     
  0.602665833333333        2.40466333333333       -1.12941480590214     
  0.602665833333333        2.70499625000000       -1.13710134276605     
  0.602665833333333        3.00532916666667       -1.14687246031590     
  0.602665833333333        3.30566208333333       -1.14490156048360     
  0.602665833333333        3.60599500000000       -1.11687866372440     
  0.602665833333333        3.90632791666667       -1.05713151532591     
  0.602665833333333        4.20666083333333      -0.974404415957203     
  0.602665833333333        4.50699375000000      -0.889190327738249     
  0.602665833333333        4.80732666666667      -0.817379641511267     
  0.602665833333333        5.10765958333333      -0.765357017828738     
  0.602665833333333        5.40799250000000      -0.729707170531220     
  0.602665833333333        5.70832541666667      -0.706806659067236     
  0.602665833333333        6.00865833333333      -0.693611792386216     
  0.602665833333333        6.30899125000000      -0.686934947977614     
  0.602665833333333        6.60932416666667      -0.683850731082457     
  0.602665833333333        6.90965708333333      -0.687025607939696     
  0.602665833333333        7.20999000000000      -0.685215116808842     
  0.902998750000000       2.000000000000000E-003  -1.22199416862436     
  0.902998750000000       0.302332916666667       -1.23652192725460     
  0.902998750000000       0.602665833333333       -1.23023109079915     
  0.902998750000000       0.902998750000000       -1.22835737383789     
  0.902998750000000        1.20333166666667       -1.22043137496096     
  0.902998750000000        1.50366458333333       -1.20241841386488     
  0.902998750000000        1.80399750000000       -1.17763913020484     
  0.902998750000000        2.10433041666667       -1.15124819571041     
  0.902998750000000        2.40466333333333       -1.13293169482062     
  0.902998750000000        2.70499625000000       -1.12347105661682     
  0.902998750000000        3.00532916666667       -1.11548594657455     
  0.902998750000000        3.30566208333333       -1.09609044808238     
  0.902998750000000        3.60599500000000       -1.05743344982397     
  0.902998750000000        3.90632791666667      -0.998489901233283     
  0.902998750000000        4.20666083333333      -0.927354688620406     
  0.902998750000000        4.50699375000000      -0.857199179006937     
  0.902998750000000        4.80732666666667      -0.798999218107272     
  0.902998750000000        5.10765958333333      -0.754770699416880     
  0.902998750000000        5.40799250000000      -0.722507612052117     
  0.902998750000000        5.70832541666667      -0.699882782060451     
  0.902998750000000        6.00865833333333      -0.684295217484627     
  0.902998750000000        6.30899125000000      -0.673476696848633     
  0.902998750000000        6.60932416666667      -0.666415218657879     
  0.902998750000000        6.90965708333333      -0.661975702495622     
  0.902998750000000        7.20999000000000      -0.648627896019791     
   1.20333166666667       2.000000000000000E-003  -1.15740941408776     
   1.20333166666667       0.302332916666667       -1.19603913574958     
   1.20333166666667       0.602665833333333       -1.21319299286052     
   1.20333166666667       0.902998750000000       -1.22042586300440     
   1.20333166666667        1.20333166666667       -1.21727180693282     
   1.20333166666667        1.50366458333333       -1.20230531185270     
   1.20333166666667        1.80399750000000       -1.17724393904939     
   1.20333166666667        2.10433041666667       -1.14922822159492     
   1.20333166666667        2.40466333333333       -1.12480275257166     
   1.20333166666667        2.70499625000000       -1.10046327241947     
   1.20333166666667        3.00532916666667       -1.07352732176440     
   1.20333166666667        3.30566208333333       -1.04005228515071     
   1.20333166666667        3.60599500000000      -0.995035155066070     
   1.20333166666667        3.90632791666667      -0.939355361076099     
   1.20333166666667        4.20666083333333      -0.879481051783434     
   1.20333166666667        4.50699375000000      -0.823837798886848     
   1.20333166666667        4.80732666666667      -0.776813619057869     
   1.20333166666667        5.10765958333333      -0.739348140355059     
   1.20333166666667        5.40799250000000      -0.710771816995817     
   1.20333166666667        5.70832541666667      -0.689566042578213     
   1.20333166666667        6.00865833333333      -0.673601977461371     
   1.20333166666667        6.30899125000000      -0.661007817036821     
   1.20333166666667        6.60932416666667      -0.650264525807852     
   1.20333166666667        6.90965708333333      -0.638582600033819     
   1.20333166666667        7.20999000000000      -0.619829846224351     
   1.50366458333333       2.000000000000000E-003  -1.11189890361617     
   1.50366458333333       0.302332916666667       -1.15857469271506     
   1.50366458333333       0.602665833333333       -1.18792979056762     
   1.50366458333333       0.902998750000000       -1.20240856735610     
   1.50366458333333        1.20333166666667       -1.20230103229147     
   1.50366458333333        1.50366458333333       -1.18769475463184     
   1.50366458333333        1.80399750000000       -1.16260000839459     
   1.50366458333333        2.10433041666667       -1.13587735921637     
   1.50366458333333        2.40466333333333       -1.10664275788779     
   1.50366458333333        2.70499625000000       -1.07313921873583     
   1.50366458333333        3.00532916666667       -1.03471505831771     
   1.50366458333333        3.30566208333333      -0.991160755778358     
   1.50366458333333        3.60599500000000      -0.942755368836502     
   1.50366458333333        3.90632791666667      -0.891344110917056     
   1.50366458333333        4.20666083333333      -0.840538985807724     
   1.50366458333333        4.50699375000000      -0.794110766245402     
   1.50366458333333        4.80732666666667      -0.754425312527405     
   1.50366458333333        5.10765958333333      -0.722184532819311     
   1.50366458333333        5.40799250000000      -0.696942798588061     
   1.50366458333333        5.70832541666667      -0.677594122220426     
   1.50366458333333        6.00865833333333      -0.662286734967029     
   1.50366458333333        6.30899125000000      -0.649064608808426     
   1.50366458333333        6.60932416666667      -0.636045938549338     
   1.50366458333333        6.90965708333333      -0.620805469360878     
   1.50366458333333        7.20999000000000      -0.600444559224104     
   1.80399750000000       2.000000000000000E-003  -1.08164278982575     
   1.80399750000000       0.302332916666667       -1.12915923369237     
   1.80399750000000       0.602665833333333       -1.16138740008645     
   1.80399750000000       0.902998750000000       -1.17762694049093     
   1.80399750000000        1.20333166666667       -1.17723743474204     
   1.80399750000000        1.50366458333333       -1.16259766428044     
   1.80399750000000        1.80399750000000       -1.14071749987062     
   1.80399750000000        2.10433041666667       -1.11294779715524     
   1.80399750000000        2.40466333333333       -1.07929217338426     
   1.80399750000000        2.70499625000000       -1.04019055674537     
   1.80399750000000        3.00532916666667      -0.996668834222276     
   1.80399750000000        3.30566208333333      -0.950054742515186     
   1.80399750000000        3.60599500000000      -0.901873001410325     
   1.80399750000000        3.90632791666667      -0.854018454176885     
   1.80399750000000        4.20666083333333      -0.808730346632425     
   1.80399750000000        4.50699375000000      -0.768101218953386     
   1.80399750000000        4.80732666666667      -0.733496721399221     
   1.80399750000000        5.10765958333333      -0.705309059363415     
   1.80399750000000        5.40799250000000      -0.683061491859845     
   1.80399750000000        5.70832541666667      -0.665657526841118     
   1.80399750000000        6.00865833333333      -0.651577906301889     
   1.80399750000000        6.30899125000000      -0.638843464159200     
   1.80399750000000        6.60932416666667      -0.625429387204114     
   1.80399750000000        6.90965708333333      -0.609377540188211     
   1.80399750000000        7.20999000000000      -0.589042259805247     
   2.10433041666667       2.000000000000000E-003  -1.06653653204396     
   2.10433041666667       0.302332916666667       -1.11073373183885     
   2.10433041666667       0.602665833333333       -1.13935856441870     
   2.10433041666667       0.902998750000000       -1.15123603603809     
   2.10433041666667        1.20333166666667       -1.14922102750062     
   2.10433041666667        1.50366458333333       -1.13587323289850     
   2.10433041666667        1.80399750000000       -1.11294553902104     
   2.10433041666667        2.10433041666667       -1.08184847925073     
   2.10433041666667        2.40466333333333       -1.04421033423672     
   2.10433041666667        2.70499625000000       -1.00197460116836     
   2.10433041666667        3.00532916666667      -0.957095421324437     
   2.10433041666667        3.30566208333333      -0.911236340643832     
   2.10433041666667        3.60599500000000      -0.865768936350265     
   2.10433041666667        3.90632791666667      -0.822009540407258     
   2.10433041666667        4.20666083333333      -0.781376114362670     
   2.10433041666667        4.50699375000000      -0.745247808390183     
   2.10433041666667        4.80732666666667      -0.714619607998800     
   2.10433041666667        5.10765958333333      -0.689808527091197     
   2.10433041666667        5.40799250000000      -0.670382621754204     
   2.10433041666667        5.70832541666667      -0.655299204766823     
   2.10433041666667        6.00865833333333      -0.643104570810525     
   2.10433041666667        6.30899125000000      -0.632043264954060     
   2.10433041666667        6.60932416666667      -0.620078419708888     
   2.10433041666667        6.90965708333333      -0.605098257842911     
   2.10433041666667        7.20999000000000      -0.585596934653353     
   2.40466333333333       2.000000000000000E-003  -1.07135548150697     
   2.40466333333333       0.302332916666667       -1.11031357509212     
   2.40466333333333       0.602665833333333       -1.12939774563859     
   2.40466333333333       0.902998750000000       -1.13291907817451     
   2.40466333333333        1.20333166666667       -1.12479381060537     
   2.40466333333333        1.50366458333333       -1.10663588308558     
   2.40466333333333        1.80399750000000       -1.07928648810653     
   2.40466333333333        2.10433041666667       -1.04420655147197     
   2.40466333333333        2.40466333333333       -1.00373582342523     
   2.40466333333333        2.70499625000000      -0.960521160208376     
   2.40466333333333        3.00532916666667      -0.916764039781682     
   2.40466333333333        3.30566208333333      -0.873843403807491     
   2.40466333333333        3.60599500000000      -0.832495395933345     
   2.40466333333333        3.90632791666667      -0.793309823112192     
   2.40466333333333        4.20666083333333      -0.757113133974374     
   2.40466333333333        4.50699375000000      -0.724959310673884     
   2.40466333333333        4.80732666666667      -0.697784229701572     
   2.40466333333333        5.10765958333333      -0.676014287454278     
   2.40466333333333        5.40799250000000      -0.659399341181826     
   2.40466333333333        5.70832541666667      -0.647120890259770     
   2.40466333333333        6.00865833333333      -0.637984359180943     
   2.40466333333333        6.30899125000000      -0.630405589226476     
   2.40466333333333        6.60932416666667      -0.622101594737613     
   2.40466333333333        6.90965708333333      -0.610074091976208     
   2.40466333333333        7.20999000000000      -0.591877941184431     
   2.70499625000000       2.000000000000000E-003  -1.09694020347442     
   2.70499625000000       0.302332916666667       -1.12970027380510     
   2.70499625000000       0.602665833333333       -1.13708277114244     
   2.70499625000000       0.902998750000000       -1.12345612300921     
   2.70499625000000        1.20333166666667       -1.10045126448830     
   2.70499625000000        1.50366458333333       -1.07312855047072     
   2.70499625000000        1.80399750000000       -1.04018041281547     
   2.70499625000000        2.10433041666667       -1.00196579286439     
   2.70499625000000        2.40466333333333      -0.960515779432707     
   2.70499625000000        2.70499625000000      -0.918372081781967     
   2.70499625000000        3.00532916666667      -0.877449707338110     
   2.70499625000000        3.30566208333333      -0.838581027712328     
   2.70499625000000        3.60599500000000      -0.801833454957541     
   2.70499625000000        3.90632791666667      -0.767206327048888     
   2.70499625000000        4.20666083333333      -0.735153524603436     
   2.70499625000000        4.50699375000000      -0.706604700729587     
   2.70499625000000        4.80732666666667      -0.682564271151311     
   2.70499625000000        5.10765958333333      -0.663647780100754     
   2.70499625000000        5.40799250000000      -0.649894636704641     
   2.70499625000000        5.70832541666667      -0.640929812250850     
   2.70499625000000        6.00865833333333      -0.636220466912365     
   2.70499625000000        6.30899125000000      -0.634895600996519     
   2.70499625000000        6.60932416666667      -0.633462676201415     
   2.70499625000000        6.90965708333333      -0.625882589797758     
   2.70499625000000        7.20999000000000      -0.608935852966439     
   3.00532916666667       2.000000000000000E-003  -1.13154840295484     
   3.00532916666667       0.302332916666667       -1.15487202972699     
   3.00532916666667       0.602665833333333       -1.14684894706405     
   3.00532916666667       0.902998750000000       -1.11546686148710     
   3.00532916666667        1.20333166666667       -1.07351156312361     
   3.00532916666667        1.50366458333333       -1.03470058311622     
   3.00532916666667        1.80399750000000      -0.996654610374652     
   3.00532916666667        2.10433041666667      -0.957082015460500     
   3.00532916666667        2.40466333333333      -0.916753448438513     
   3.00532916666667        2.70499625000000      -0.877444052808272     
   3.00532916666667        3.00532916666667      -0.840435234270849     
   3.00532916666667        3.30566208333333      -0.805978929100084     
   3.00532916666667        3.60599500000000      -0.773661474281959     
   3.00532916666667        3.90632791666667      -0.743160841161580     
   3.00532916666667        4.20666083333333      -0.714783460426198     
   3.00532916666667        4.50699375000000      -0.689451456156571     
   3.00532916666667        4.80732666666667      -0.668257805172070     
   3.00532916666667        5.10765958333333      -0.651996506118228     
   3.00532916666667        5.40799250000000      -0.641040848161238     
   3.00532916666667        5.70832541666667      -0.635669967994462     
   3.00532916666667        6.00865833333333      -0.636644015571340     
   3.00532916666667        6.30899125000000      -0.644117806506113     
   3.00532916666667        6.60932416666667      -0.651278462389115     
   3.00532916666667        6.90965708333333      -0.648947889332344     
   3.00532916666667        7.20999000000000      -0.632576044029137     
   3.30566208333333       2.000000000000000E-003  -1.15324714329683     
   3.30566208333333       0.302332916666667       -1.16726116580535     
   3.30566208333333       0.602665833333333       -1.14486668671679     
   3.30566208333333       0.902998750000000       -1.09606413529543     
   3.30566208333333        1.20333166666667       -1.04003272096509     
   3.30566208333333        1.50366458333333      -0.991143818810644     
   3.30566208333333        1.80399750000000      -0.950038585378095     
   3.30566208333333        2.10433041666667      -0.911220816650522     
   3.30566208333333        2.40466333333333      -0.873829994866734     
   3.30566208333333        2.70499625000000      -0.838571691190159     
   3.30566208333333        3.00532916666667      -0.805974648298334     
   3.30566208333333        3.30566208333333      -0.775814217747853     
   3.30566208333333        3.60599500000000      -0.747445750774347     
   3.30566208333333        3.90632791666667      -0.720491134650379     
   3.30566208333333        4.20666083333333      -0.695282899509079     
   3.30566208333333        4.50699375000000      -0.672781920691413     
   3.30566208333333        4.80732666666667      -0.654122387152748     
   3.30566208333333        5.10765958333333      -0.640199371754505     
   3.30566208333333        5.40799250000000      -0.631666291799098     
   3.30566208333333        5.70832541666667      -0.629485970650665     
   3.30566208333333        6.00865833333333      -0.636093657234858     
   3.30566208333333        6.30899125000000      -0.651498089679037     
   3.30566208333333        6.60932416666667      -0.667371510134713     
   3.30566208333333        6.90965708333333      -0.669442446414326     
   3.30566208333333        7.20999000000000      -0.652625529772843     
   3.60599500000000       2.000000000000000E-003  -1.15418450136993     
   3.60599500000000       0.302332916666667       -1.15047230499828     
   3.60599500000000       0.602665833333333       -1.11682997094470     
   3.60599500000000       0.902998750000000       -1.05739883482787     
   3.60599500000000        1.20333166666667      -0.995012368181484     
   3.60599500000000        1.50366458333333      -0.942738287067987     
   3.60599500000000        1.80399750000000      -0.901858056279002     
   3.60599500000000        2.10433041666667      -0.865754868746209     
   3.60599500000000        2.40466333333333      -0.832482802976698     
   3.60599500000000        2.70499625000000      -0.801823776966517     
   3.60599500000000        3.00532916666667      -0.773655697191241     
   3.60599500000000        3.30566208333333      -0.747443571775451     
   3.60599500000000        3.60599500000000      -0.722516908921326     
   3.60599500000000        3.90632791666667      -0.698610858113819     
   3.60599500000000        4.20666083333333      -0.676162097805620     
   3.60599500000000        4.50699375000000      -0.656152317659649     
   3.60599500000000        4.80732666666667      -0.639676810808395     
   3.60599500000000        5.10765958333333      -0.627620562875629     
   3.60599500000000        5.40799250000000      -0.620756415097677     
   3.60599500000000        5.70832541666667      -0.620405099288731     
   3.60599500000000        6.00865833333333      -0.629789992827548     
   3.60599500000000        6.30899125000000      -0.648763728187775     
   3.60599500000000        6.60932416666667      -0.668754166586166     
   3.60599500000000        6.90965708333333      -0.673737501116662     
   3.60599500000000        7.20999000000000      -0.666813630425995     
   3.90632791666667       2.000000000000000E-003  -1.08483448144857     
   3.90632791666667       0.302332916666667       -1.09318852849527     
   3.90632791666667       0.602665833333333       -1.05707675294821     
   3.90632791666667       0.902998750000000      -0.998451508519026     
   3.90632791666667        1.20333166666667      -0.939332108143054     
   3.90632791666667        1.50366458333333      -0.891329428580081     
   3.90632791666667        1.80399750000000      -0.854007431011748     
   3.90632791666667        2.10433041666667      -0.821999860110569     
   3.90632791666667        2.40466333333333      -0.793301068787797     
   3.90632791666667        2.70499625000000      -0.767199206976118     
   3.90632791666667        3.00532916666667      -0.743156127322892     
   3.90632791666667        3.30566208333333      -0.720488839082271     
   3.90632791666667        3.60599500000000      -0.698610171459384     
   3.90632791666667        3.90632791666667      -0.677415308549328     
   3.90632791666667        4.20666083333333      -0.657430971223455     
   3.90632791666667        4.50699375000000      -0.639605383413645     
   3.90632791666667        4.80732666666667      -0.624922944906113     
   3.90632791666667        5.10765958333333      -0.614162530881573     
   3.90632791666667        5.40799250000000      -0.608023131996366     
   3.90632791666667        5.70832541666667      -0.607663637964669     
   3.90632791666667        6.00865833333333      -0.615702638646890     
   3.90632791666667        6.30899125000000      -0.632163481770180     
   3.90632791666667        6.60932416666667      -0.648874098435072     
   3.90632791666667        6.90965708333333      -0.652176183038276     
   3.90632791666667        7.20999000000000      -0.637753467597217     
   4.20666083333333       2.000000000000000E-003 -0.997837034287523     
   4.20666083333333       0.302332916666667       -1.00398638014494     
   4.20666083333333       0.602665833333333      -0.974355211957225     
   4.20666083333333       0.902998750000000      -0.927320035724185     
   4.20666083333333        1.20333166666667      -0.879461267943426     
   4.20666083333333        1.50366458333333      -0.840528345611101     
   4.20666083333333        1.80399750000000      -0.808724240313285     
   4.20666083333333        2.10433041666667      -0.781371674494165     
   4.20666083333333        2.40466333333333      -0.757109090816879     
   4.20666083333333        2.70499625000000      -0.735149858918028     
   4.20666083333333        3.00532916666667      -0.714780651031315     
   4.20666083333333        3.30566208333333      -0.695281166522930     
   4.20666083333333        3.60599500000000      -0.676161154423596     
   4.20666083333333        3.90632791666667      -0.657430422905752     
   4.20666083333333        4.20666083333333      -0.639643430754244     
   4.20666083333333        4.50699375000000      -0.623667798096855     
   4.20666083333333        4.80732666666667      -0.610350857107738     
   4.20666083333333        5.10765958333333      -0.600330751515400     
   4.20666083333333        5.40799250000000      -0.594122631770385     
   4.20666083333333        5.70832541666667      -0.592420312126517     
   4.20666083333333        6.00865833333333      -0.596418151993290     
   4.20666083333333        6.30899125000000      -0.606429273388045     
   4.20666083333333        6.60932416666667      -0.615895707817112     
   4.20666083333333        6.90965708333333      -0.616244466636941     
   4.20666083333333        7.20999000000000      -0.603391574672020     
   4.50699375000000       2.000000000000000E-003 -0.900186023920727     
   4.50699375000000       0.302332916666667      -0.907419368244338     
   4.50699375000000       0.602665833333333      -0.889153001703239     
   4.50699375000000       0.902998750000000      -0.857173088608455     
   4.50699375000000        1.20333166666667      -0.823823032082218     
   4.50699375000000        1.50366458333333      -0.794104011780655     
   4.50699375000000        1.80399750000000      -0.768098985160822     
   4.50699375000000        2.10433041666667      -0.745247172796106     
   4.50699375000000        2.40466333333333      -0.724958476694131     
   4.50699375000000        2.70499625000000      -0.706603111310219     
   4.50699375000000        3.00532916666667      -0.689449356843431     
   4.50699375000000        3.30566208333333      -0.672779702444074     
   4.50699375000000        3.60599500000000      -0.656150140253453     
   4.50699375000000        3.90632791666667      -0.639603319692254     
   4.50699375000000        4.20666083333333      -0.623666270215523     
   4.50699375000000        4.50699375000000      -0.609123934040501     
   4.50699375000000        4.80732666666667      -0.596724051246828     
   4.50699375000000        5.10765958333333      -0.587002849235500     
   4.50699375000000        5.40799250000000      -0.580303447322454     
   4.50699375000000        5.70832541666667      -0.576886201074286     
   4.50699375000000        6.00865833333333      -0.576902825824314     
   4.50699375000000        6.30899125000000      -0.579898162559300     
   4.50699375000000        6.60932416666667      -0.582575027824131     
   4.50699375000000        6.90965708333333      -0.579292038610765     
   4.50699375000000        7.20999000000000      -0.567007408329097     
   4.80732666666667       2.000000000000000E-003 -0.816897775204752     
   4.80732666666667       0.302332916666667      -0.825704884912378     
   4.80732666666667       0.602665833333333      -0.817354052103423     
   4.80732666666667       0.902998750000000      -0.798980699620416     
   4.80732666666667        1.20333166666667      -0.776802859497480     
   4.80732666666667        1.50366458333333      -0.754420934739665     
   4.80732666666667        1.80399750000000      -0.733496181348468     
   4.80732666666667        2.10433041666667      -0.714620195266641     
   4.80732666666667        2.40466333333333      -0.697783960616465     
   4.80732666666667        2.70499625000000      -0.682562316138179     
   4.80732666666667        3.00532916666667      -0.668254297974224     
   4.80732666666667        3.30566208333333      -0.654117873709702     
   4.80732666666667        3.60599500000000      -0.639671810515410     
   4.80732666666667        3.90632791666667      -0.624917919099981     
   4.80732666666667        4.20666083333333      -0.610346468425430     
   4.80732666666667        4.50699375000000      -0.596721313372068     
   4.80732666666667        4.80732666666667      -0.584786465053501     
   4.80732666666667        5.10765958333333      -0.575063470689162     
   4.80732666666667        5.40799250000000      -0.567800120586215     
   4.80732666666667        5.70832541666667      -0.562984803988146     
   4.80732666666667        6.00865833333333      -0.560266901295563     
   4.80732666666667        6.30899125000000      -0.558667540694578     
   4.80732666666667        6.60932416666667      -0.556186481320285     
   4.80732666666667        6.90965708333333      -0.549940445140066     
   4.80732666666667        7.20999000000000      -0.537546318193341     
   5.10765958333333       2.000000000000000E-003 -0.757413856782981     
   5.10765958333333       0.302332916666667      -0.767322071277066     
   5.10765958333333       0.602665833333333      -0.765339291077800     
   5.10765958333333       0.902998750000000      -0.754757128444664     
   5.10765958333333        1.20333166666667      -0.739339887084248     
   5.10765958333333        1.50366458333333      -0.722181044900224     
   5.10765958333333        1.80399750000000      -0.705308420066117     
   5.10765958333333        2.10433041666667      -0.689808354055938     
   5.10765958333333        2.40466333333333      -0.676012681010664     
   5.10765958333333        2.70499625000000      -0.663643869772647     
   5.10765958333333        3.00532916666667      -0.651990396718923     
   5.10765958333333        3.30566208333333      -0.640191689103708     
   5.10765958333333        3.60599500000000      -0.627612031409942     
   5.10765958333333        3.90632791666667      -0.614153874967234     
   5.10765958333333        4.20666083333333      -0.600322840872299     
   5.10765958333333        4.50699375000000      -0.586996761334642     
   5.10765958333333        4.80732666666667      -0.575060221625620     
   5.10765958333333        5.10765958333333      -0.565122715465869     
   5.10765958333333        5.40799250000000      -0.557408950169862     
   5.10765958333333        5.70832541666667      -0.551754625208629     
   5.10765958333333        6.00865833333333      -0.547588229781762     
   5.10765958333333        6.30899125000000      -0.543846985122954     
   5.10765958333333        6.60932416666667      -0.538925566923371     
   5.10765958333333        6.90965708333333      -0.530931004065995     
   5.10765958333333        7.20999000000000      -0.518381375693336     
   5.40799250000000       2.000000000000000E-003 -0.720030088567361     
   5.40799250000000       0.302332916666667      -0.729649293556826     
   5.40799250000000       0.602665833333333      -0.729695085288419     
   5.40799250000000       0.902998750000000      -0.722497675393107     
   5.40799250000000        1.20333166666667      -0.710765328515647     
   5.40799250000000        1.50366458333333      -0.696939793916629     
   5.40799250000000        1.80399750000000      -0.683060452924600     
   5.40799250000000        2.10433041666667      -0.670381538379860     
   5.40799250000000        2.40466333333333      -0.659396589708441     
   5.40799250000000        2.70499625000000      -0.649889460260593     
   5.40799250000000        3.00532916666667      -0.641033312470895     
   5.40799250000000        3.30566208333333      -0.631656899649576     
   5.40799250000000        3.60599500000000      -0.620745798641673     
   5.40799250000000        3.90632791666667      -0.608012058069543     
   5.40799250000000        4.20666083333333      -0.594112132370597     
   5.40799250000000        4.50699375000000      -0.580294752762394     
   5.40799250000000        4.80732666666667      -0.567794296936144     
   5.40799250000000        5.10765958333333      -0.557406383951988     
   5.40799250000000        5.40799250000000      -0.549364331837513     
   5.40799250000000        5.70832541666667      -0.543393692609824     
   5.40799250000000        6.00865833333333      -0.538788513316986     
   5.40799250000000        6.30899125000000      -0.534378569072418     
   5.40799250000000        6.60932416666667      -0.528779735519254     
   5.40799250000000        6.90965708333333      -0.520466368619173     
   5.40799250000000        7.20999000000000      -0.508107863757895     
   5.70832541666667       2.000000000000000E-003 -0.699904242650110     
   5.70832541666667       0.302332916666667      -0.707885423544629     
   5.70832541666667       0.602665833333333      -0.706798717409167     
   5.70832541666667       0.902998750000000      -0.699876130876502     
   5.70832541666667        1.20333166666667      -0.689561820143466     
   5.70832541666667        1.50366458333333      -0.677592488880324     
   5.70832541666667        1.80399750000000      -0.665657359812553     
   5.70832541666667        2.10433041666667      -0.655298920068829     
   5.70832541666667        2.40466333333333      -0.647119327959225     
   5.70832541666667        2.70499625000000      -0.640926476716929     
   5.70832541666667        3.00532916666667      -0.635664836413846     
   5.70832541666667        3.30566208333333      -0.629479054829780     
   5.70832541666667        3.60599500000000      -0.620396358100911     
   5.70832541666667        3.90632791666667      -0.607653475854494     
   5.70832541666667        4.20666083333333      -0.592409909496922     
   5.70832541666667        4.50699375000000      -0.576877132158415     
   5.70832541666667        4.80732666666667      -0.562978373080391     
   5.70832541666667        5.10765958333333      -0.551751331166853     
   5.70832541666667        5.40799250000000      -0.543392921881186     
   5.70832541666667        5.70832541666667      -0.537463197056910     
   5.70832541666667        6.00865833333333      -0.532936941092755     
   5.70832541666667        6.30899125000000      -0.528766884433895     
   5.70832541666667        6.60932416666667      -0.523780121231038     
   5.70832541666667        6.90965708333333      -0.516383254450395     
   5.70832541666667        7.20999000000000      -0.504716495018763     
   6.00865833333333       2.000000000000000E-003 -0.695232969905646     
   6.00865833333333       0.302332916666667      -0.699442931365028     
   6.00865833333333       0.602665833333333      -0.693606359833699     
   6.00865833333333       0.902998750000000      -0.684291374519453     
   6.00865833333333        1.20333166666667      -0.673600528408076     
   6.00865833333333        1.50366458333333      -0.662287779249991     
   6.00865833333333        1.80399750000000      -0.651580576262968     
   6.00865833333333        2.10433041666667      -0.643107557539168     
   6.00865833333333        2.40466333333333      -0.637987267322934     
   6.00865833333333        2.70499625000000      -0.636223417265145     
   6.00865833333333        3.00532916666667      -0.636647095271159     
   6.00865833333333        3.30566208333333      -0.636095877559750     
   6.00865833333333        3.60599500000000      -0.629789223506820     
   6.00865833333333        3.90632791666667      -0.615698055662326     
   6.00865833333333        4.20666083333333      -0.596411407950296     
   6.00865833333333        4.50699375000000      -0.576896398332528     
   6.00865833333333        4.80732666666667      -0.560262562135303     
   6.00865833333333        5.10765958333333      -0.547586708290040     
   6.00865833333333        5.40799250000000      -0.538789406192198     
   6.00865833333333        5.70832541666667      -0.532938410724620     
   6.00865833333333        6.00865833333333      -0.528903495525408     
   6.00865833333333        6.30899125000000      -0.525758703421883     
   6.00865833333333        6.60932416666667      -0.522627101965939     
   6.00865833333333        6.90965708333333      -0.517813510939339     
   6.00865833333333        7.20999000000000      -0.507770485411632     
   6.30899125000000       2.000000000000000E-003 -0.705844231182882     
   6.30899125000000       0.302332916666667      -0.701912686777095     
   6.30899125000000       0.602665833333333      -0.686930508273987     
   6.30899125000000       0.902998750000000      -0.673475078421990     
   6.30899125000000        1.20333166666667      -0.661009020546781     
   6.30899125000000        1.50366458333333      -0.649068634841674     
   6.30899125000000        1.80399750000000      -0.638849881068884     
   6.30899125000000        2.10433041666667      -0.632051205227473     
   6.30899125000000        2.40466333333333      -0.630415440199700     
   6.30899125000000        2.70499625000000      -0.634908989068660     
   6.30899125000000        3.00532916666667      -0.644135449335534     
   6.30899125000000        3.30566208333333      -0.651516758218950     
   6.30899125000000        3.60599500000000      -0.648777466335867     
   6.30899125000000        3.90632791666667      -0.632169072527500     
   6.30899125000000        4.20666083333333      -0.606429205805163     
   6.30899125000000        4.50699375000000      -0.579896948894547     
   6.30899125000000        4.80732666666667      -0.558667779297402     
   6.30899125000000        5.10765958333333      -0.543849549764058     
   6.30899125000000        5.40799250000000      -0.534383040712076     
   6.30899125000000        5.70832541666667      -0.528771393471881     
   6.30899125000000        6.00865833333333      -0.525761452998825     
   6.30899125000000        6.30899125000000      -0.524392930948272     
   6.30899125000000        6.60932416666667      -0.524215987109002     
   6.30899125000000        6.90965708333333      -0.524311937804975     
   6.30899125000000        7.20999000000000      -0.518017715670598     
   6.60932416666667       2.000000000000000E-003 -0.727031898727012     
   6.60932416666667       0.302332916666667      -0.708304110668793     
   6.60932416666667       0.602665833333333      -0.683847778449598     
   6.60932416666667       0.902998750000000      -0.666415772266046     
   6.60932416666667        1.20333166666667      -0.650267692341625     
   6.60932416666667        1.50366458333333      -0.636052035772344     
   6.60932416666667        1.80399750000000      -0.625438679092456     
   6.60932416666667        2.10433041666667      -0.620090955444797     
   6.60932416666667        2.40466333333333      -0.622118443505801     
   6.60932416666667        2.70499625000000      -0.633487279717378     
   6.60932416666667        3.00532916666667      -0.651311707375899     
   6.60932416666667        3.30566208333333      -0.667408766902093     
   6.60932416666667        3.60599500000000      -0.668784153337338     
   6.60932416666667        3.90632791666667      -0.648890809861326     
   6.60932416666667        4.20666083333333      -0.615903845249025     
   6.60932416666667        4.50699375000000      -0.582580700051312     
   6.60932416666667        4.80732666666667      -0.556192845010531     
   6.60932416666667        5.10765958333333      -0.538933522427073     
   6.60932416666667        5.40799250000000      -0.528788517950512     
   6.60932416666667        5.70832541666667      -0.523788085662723     
   6.60932416666667        6.00865833333333      -0.522632653252887     
   6.60932416666667        6.30899125000000      -0.524218264468138     
   6.60932416666667        6.60932416666667      -0.527570219488946     
   6.60932416666667        6.90965708333333      -0.533546828328503     
   6.60932416666667        7.20999000000000      -0.534419386768215     
   6.90965708333333       2.000000000000000E-003 -0.728956945771530     
   6.90965708333333       0.302332916666667      -0.707233339423638     
   6.90965708333333       0.602665833333333      -0.687027717474409     
   6.90965708333333       0.902998750000000      -0.661978691485263     
   6.90965708333333        1.20333166666667      -0.638586650255069     
   6.90965708333333        1.50366458333333      -0.620812022663665     
   6.90965708333333        1.80399750000000      -0.609387676279108     
   6.90965708333333        2.10433041666667      -0.605112753917153     
   6.90965708333333        2.40466333333333      -0.610094705493831     
   6.90965708333333        2.70499625000000      -0.625912541491297     
   6.90965708333333        3.00532916666667      -0.648988335997478     
   6.90965708333333        3.30566208333333      -0.669488332221058     
   6.90965708333333        3.60599500000000      -0.673774374659788     
   6.90965708333333        3.90632791666667      -0.652199629789369     
   6.90965708333333        4.20666083333333      -0.616260671673039     
   6.90965708333333        4.50699375000000      -0.579305560710131     
   6.90965708333333        4.80732666666667      -0.549953396893057     
   6.90965708333333        5.10765958333333      -0.530944148932373     
   6.90965708333333        5.40799250000000      -0.520479049757914     
   6.90965708333333        5.70832541666667      -0.516394036426064     
   6.90965708333333        6.00865833333333      -0.517820928288544     
   6.90965708333333        6.30899125000000      -0.524314918987983     
   6.90965708333333        6.60932416666667      -0.533545963010742     
   6.90965708333333        6.90965708333333      -0.539749081498067     
   6.90965708333333        7.20999000000000      -0.543098231018574     
   7.20999000000000       2.000000000000000E-003 -0.701934133651795     
   7.20999000000000       0.302332916666667      -0.708148914073731     
   7.20999000000000       0.602665833333333      -0.685221172176838     
   7.20999000000000       0.902998750000000      -0.648632025128208     
   7.20999000000000        1.20333166666667      -0.619833673607176     
   7.20999000000000        1.50366458333333      -0.600450184909288     
   7.20999000000000        1.80399750000000      -0.589051148666971     
   7.20999000000000        2.10433041666667      -0.585610135130986     
   7.20999000000000        2.40466333333333      -0.591896875140951     
   7.20999000000000        2.70499625000000      -0.608962122051178     
   7.20999000000000        3.00532916666667      -0.632609467819763     
   7.20999000000000        3.30566208333333      -0.652661078207958     
   7.20999000000000        3.60599500000000      -0.666842434486284     
   7.20999000000000        3.90632791666667      -0.637783870803605     
   7.20999000000000        4.20666083333333      -0.603416933683270     
   7.20999000000000        4.50699375000000      -0.567028542577027     
   7.20999000000000        4.80732666666667      -0.537564865730689     
   7.20999000000000        5.10765958333333      -0.518398380773235     
   7.20999000000000        5.40799250000000      -0.508123175479372     
   7.20999000000000        5.70832541666667      -0.504729005178339     
   7.20999000000000        6.00865833333333      -0.507778924579141     
   7.20999000000000        6.30899125000000      -0.518021181397941     
   7.20999000000000        6.60932416666667      -0.534418277840844     
   7.20999000000000        6.90965708333333      -0.543096561097523     
   7.20999000000000        7.20999000000000      -0.534261042413415     
