  2.000000000000000E-003  2.000000000000000E-003  -1.23734404533324     
  2.000000000000000E-003  0.302332916666667       -1.23878637862506     
  2.000000000000000E-003  0.602665833333333       -1.18453595596805     
  2.000000000000000E-003  0.902998750000000       -1.10462504032618     
  2.000000000000000E-003   1.20333166666667       -1.03675161189115     
  2.000000000000000E-003   1.50366458333333      -0.984028851750776     
  2.000000000000000E-003   1.80399750000000      -0.943826963092348     
  2.000000000000000E-003   2.10433041666667      -0.915406594674733     
  2.000000000000000E-003   2.40466333333333      -0.900407538890953     
  2.000000000000000E-003   2.70499625000000      -0.899223774888377     
  2.000000000000000E-003   3.00532916666667      -0.905937614663468     
  2.000000000000000E-003   3.30566208333333      -0.907252088534148     
  2.000000000000000E-003   3.60599500000000      -0.902005758307209     
  2.000000000000000E-003   3.90632791666667      -0.853465206401562     
  2.000000000000000E-003   4.20666083333333      -0.799883951831202     
  2.000000000000000E-003   4.50699375000000      -0.745554546869752     
  2.000000000000000E-003   4.80732666666667      -0.699723009091480     
  2.000000000000000E-003   5.10765958333333      -0.665912856077863     
  2.000000000000000E-003   5.40799250000000      -0.642699052039049     
  2.000000000000000E-003   5.70832541666667      -0.627664894208389     
  2.000000000000000E-003   6.00865833333333      -0.620248287159307     
  2.000000000000000E-003   6.30899125000000      -0.621225829727055     
  2.000000000000000E-003   6.60932416666667      -0.629479998925181     
  2.000000000000000E-003   6.90965708333333      -0.630248171200183     
  2.000000000000000E-003   7.20999000000000      -0.614923750426875     
  0.302332916666667       2.000000000000000E-003  -1.31637047464360     
  0.302332916666667       0.302332916666667       -1.25705428324284     
  0.302332916666667       0.602665833333333       -1.19995148874260     
  0.302332916666667       0.902998750000000       -1.13889376512139     
  0.302332916666667        1.20333166666667       -1.07912657601329     
  0.302332916666667        1.50366458333333       -1.02733050247553     
  0.302332916666667        1.80399750000000      -0.984894849369840     
  0.302332916666667        2.10433041666667      -0.952711483026284     
  0.302332916666667        2.40466333333333      -0.933154905875094     
  0.302332916666667        2.70499625000000      -0.927642710873217     
  0.302332916666667        3.00532916666667      -0.930904545341632     
  0.302332916666667        3.30566208333333      -0.930283910026978     
  0.302332916666667        3.60599500000000      -0.911390958737099     
  0.302332916666667        3.90632791666667      -0.868061833595570     
  0.302332916666667        4.20666083333333      -0.812656758374960     
  0.302332916666667        4.50699375000000      -0.757874268154367     
  0.302332916666667        4.80732666666667      -0.712126709123269     
  0.302332916666667        5.10765958333333      -0.678244337915851     
  0.302332916666667        5.40799250000000      -0.654389362966670     
  0.302332916666667        5.70832541666667      -0.638166886090187     
  0.302332916666667        6.00865833333333      -0.628659747747214     
  0.302332916666667        6.30899125000000      -0.625535485263939     
  0.302332916666667        6.60932416666667      -0.626588402074708     
  0.302332916666667        6.90965708333333      -0.625414300960037     
  0.302332916666667        7.20999000000000      -0.620559859766877     
  0.602665833333333       2.000000000000000E-003  -1.34239174838707     
  0.602665833333333       0.302332916666667       -1.28942821139522     
  0.602665833333333       0.602665833333333       -1.21800620268412     
  0.602665833333333       0.902998750000000       -1.16343493584913     
  0.602665833333333        1.20333166666667       -1.11242555653213     
  0.602665833333333        1.50366458333333       -1.06399833479585     
  0.602665833333333        1.80399750000000       -1.02046572072928     
  0.602665833333333        2.10433041666667      -0.984206817589071     
  0.602665833333333        2.40466333333333      -0.957952988630346     
  0.602665833333333        2.70499625000000      -0.943978776746675     
  0.602665833333333        3.00532916666667      -0.938089310306731     
  0.602665833333333        3.30566208333333      -0.930228131169639     
  0.602665833333333        3.60599500000000      -0.907007070772795     
  0.602665833333333        3.90632791666667      -0.864234037601416     
  0.602665833333333        4.20666083333333      -0.811245588234991     
  0.602665833333333        4.50699375000000      -0.760085731576327     
  0.602665833333333        4.80732666666667      -0.717398842734603     
  0.602665833333333        5.10765958333333      -0.685195317223986     
  0.602665833333333        5.40799250000000      -0.661410324766161     
  0.602665833333333        5.70832541666667      -0.643984654160410     
  0.602665833333333        6.00865833333333      -0.631677426720755     
  0.602665833333333        6.30899125000000      -0.623536577441860     
  0.602665833333333        6.60932416666667      -0.618581160948351     
  0.602665833333333        6.90965708333333      -0.616642203224257     
  0.602665833333333        7.20999000000000      -0.609500548681712     
  0.902998750000000       2.000000000000000E-003  -1.32877834686820     
  0.902998750000000       0.302332916666667       -1.30236866466146     
  0.902998750000000       0.602665833333333       -1.24802580945960     
  0.902998750000000       0.902998750000000       -1.19602447657327     
  0.902998750000000        1.20333166666667       -1.14673335257931     
  0.902998750000000        1.50366458333333       -1.09835523653994     
  0.902998750000000        1.80399750000000       -1.05233315596978     
  0.902998750000000        2.10433041666667       -1.01122657762982     
  0.902998750000000        2.40466333333333      -0.977556307243059     
  0.902998750000000        2.70499625000000      -0.952503812134285     
  0.902998750000000        3.00532916666667      -0.934203065360140     
  0.902998750000000        3.30566208333333      -0.915045356507381     
  0.902998750000000        3.60599500000000      -0.886722154751772     
  0.902998750000000        3.90632791666667      -0.846648182438417     
  0.902998750000000        4.20666083333333      -0.800303752229108     
  0.902998750000000        4.50699375000000      -0.755660017558229     
  0.902998750000000        4.80732666666667      -0.718021746242134     
  0.902998750000000        5.10765958333333      -0.688139199761973     
  0.902998750000000        5.40799250000000      -0.664896544539035     
  0.902998750000000        5.70832541666667      -0.646711371027524     
  0.902998750000000        6.00865833333333      -0.632428185142327     
  0.902998750000000        6.30899125000000      -0.621193224610316     
  0.902998750000000        6.60932416666667      -0.612427201044671     
  0.902998750000000        6.90965708333333      -0.604687328694914     
  0.902998750000000        7.20999000000000      -0.591512219159658     
   1.20333166666667       2.000000000000000E-003  -1.34011161669228     
   1.20333166666667       0.302332916666667       -1.32629470389366     
   1.20333166666667       0.602665833333333       -1.28704792939545     
   1.20333166666667       0.902998750000000       -1.23850749721971     
   1.20333166666667        1.20333166666667       -1.18692600151093     
   1.20333166666667        1.50366458333333       -1.13434705054128     
   1.20333166666667        1.80399750000000       -1.08314882764805     
   1.20333166666667        2.10433041666667       -1.03612769468040     
   1.20333166666667        2.40466333333333      -0.995059778992819     
   1.20333166666667        2.70499625000000      -0.960017499503082     
   1.20333166666667        3.00532916666667      -0.929513284469186     
   1.20333166666667        3.30566208333333      -0.900058021006923     
   1.20333166666667        3.60599500000000      -0.866887982963132     
   1.20333166666667        3.90632791666667      -0.828543526530061     
   1.20333166666667        4.20666083333333      -0.788005422667940     
   1.20333166666667        4.50699375000000      -0.749902444913937     
   1.20333166666667        4.80732666666667      -0.716654375970556     
   1.20333166666667        5.10765958333333      -0.688831571419233     
   1.20333166666667        5.40799250000000      -0.666161881318260     
   1.20333166666667        5.70832541666667      -0.647657034307925     
   1.20333166666667        6.00865833333333      -0.632259224697914     
   1.20333166666667        6.30899125000000      -0.619133402221524     
   1.20333166666667        6.60932416666667      -0.607340290504974     
   1.20333166666667        6.90965708333333      -0.595014055729975     
   1.20333166666667        7.20999000000000      -0.578738602354611     
   1.50366458333333       2.000000000000000E-003  -1.39364186135658     
   1.50366458333333       0.302332916666667       -1.38318152682616     
   1.50366458333333       0.602665833333333       -1.34764435204416     
   1.50366458333333       0.902998750000000       -1.29651762634958     
   1.50366458333333        1.20333166666667       -1.23751031965469     
   1.50366458333333        1.50366458333333       -1.17598592464596     
   1.50366458333333        1.80399750000000       -1.11619711562135     
   1.50366458333333        2.10433041666667       -1.06125220452203     
   1.50366458333333        2.40466333333333       -1.01256582717630     
   1.50366458333333        2.70499625000000      -0.969631930158589     
   1.50366458333333        3.00532916666667      -0.930687751591304     
   1.50366458333333        3.30566208333333      -0.893430839478401     
   1.50366458333333        3.60599500000000      -0.855951320464802     
   1.50366458333333        3.90632791666667      -0.817866023943390     
   1.50366458333333        4.20666083333333      -0.780543728965213     
   1.50366458333333        4.50699375000000      -0.745898660901719     
   1.50366458333333        4.80732666666667      -0.715182700491082     
   1.50366458333333        5.10765958333333      -0.688769595388757     
   1.50366458333333        5.40799250000000      -0.666483185410143     
   1.50366458333333        5.70832541666667      -0.647827985569555     
   1.50366458333333        6.00865833333333      -0.631855169767935     
   1.50366458333333        6.30899125000000      -0.617620292145101     
   1.50366458333333        6.60932416666667      -0.603972473882966     
   1.50366458333333        6.90965708333333      -0.589285565426550     
   1.50366458333333        7.20999000000000      -0.571741491019536     
   1.80399750000000       2.000000000000000E-003  -1.49797359622785     
   1.80399750000000       0.302332916666667       -1.48528486775054     
   1.80399750000000       0.602665833333333       -1.44247840092941     
   1.80399750000000       0.902998750000000       -1.37874517599300     
   1.80399750000000        1.20333166666667       -1.30430569337887     
   1.80399750000000        1.50366458333333       -1.22745567737279     
   1.80399750000000        1.80399750000000       -1.15418450136993     
   1.80399750000000        2.10433041666667       -1.08845880589178     
   1.80399750000000        2.40466333333333       -1.03127287610115     
   1.80399750000000        2.70499625000000      -0.981381691802546     
   1.80399750000000        3.00532916666667      -0.936479805062223     
   1.80399750000000        3.30566208333333      -0.894351247120516     
   1.80399750000000        3.60599500000000      -0.853711742323125     
   1.80399750000000        3.90632791666667      -0.814526849879743     
   1.80399750000000        4.20666083333333      -0.777673611826020     
   1.80399750000000        4.50699375000000      -0.744175460209960     
   1.80399750000000        4.80732666666667      -0.714600465114927     
   1.80399750000000        5.10765958333333      -0.688969098616883     
   1.80399750000000        5.40799250000000      -0.666982982442555     
   1.80399750000000        5.70832541666667      -0.648206713332299     
   1.80399750000000        6.00865833333333      -0.632024046481096     
   1.80399750000000        6.30899125000000      -0.617409681698852     
   1.80399750000000        6.60932416666667      -0.603070747531212     
   1.80399750000000        6.90965708333333      -0.587537572394971     
   1.80399750000000        7.20999000000000      -0.569537952979654     
   2.10433041666667       2.000000000000000E-003  -1.66698142126229     
   2.10433041666667       0.302332916666667       -1.64661388843088     
   2.10433041666667       0.602665833333333       -1.58338343051963     
   2.10433041666667       0.902998750000000       -1.49307198564924     
   2.10433041666667        1.20333166666667       -1.39127912766932     
   2.10433041666667        1.50366458333333       -1.29043204086566     
   2.10433041666667        1.80399750000000       -1.19839949251632     
   2.10433041666667        2.10433041666667       -1.11878534656030     
   2.10433041666667        2.40466333333333       -1.05169381933660     
   2.10433041666667        2.70499625000000      -0.994835236203457     
   2.10433041666667        3.00532916666667      -0.944949773653365     
   2.10433041666667        3.30566208333333      -0.899202956175712     
   2.10433041666667        3.60599500000000      -0.856071695274959     
   2.10433041666667        3.90632791666667      -0.815439234289359     
   2.10433041666667        4.20666083333333      -0.778013241201676     
   2.10433041666667        4.50699375000000      -0.744529735921115     
   2.10433041666667        4.80732666666667      -0.715254295147427     
   2.10433041666667        5.10765958333333      -0.689975341691697     
   2.10433041666667        5.40799250000000      -0.668276702602107     
   2.10433041666667        5.70832541666667      -0.649725594158476     
   2.10433041666667        6.00865833333333      -0.633784122728159     
   2.10433041666667        6.30899125000000      -0.619545563646734     
   2.10433041666667        6.60932416666667      -0.605584735716984     
   2.10433041666667        6.90965708333333      -0.590222532426235     
   2.10433041666667        7.20999000000000      -0.572192174042551     
   2.40466333333333       2.000000000000000E-003  -1.92761948036337     
   2.40466333333333       0.302332916666667       -1.88976592789564     
   2.40466333333333       0.602665833333333       -1.78277133317467     
   2.40466333333333       0.902998750000000       -1.64255777858747     
   2.40466333333333        1.20333166666667       -1.49780891836274     
   2.40466333333333        1.50366458333333       -1.36411469987880     
   2.40466333333333        1.80399750000000       -1.24823948699448     
   2.40466333333333        2.10433041666667       -1.15189594595912     
   2.40466333333333        2.40466333333333       -1.07349320357735     
   2.40466333333333        2.70499625000000       -1.00927434507414     
   2.40466333333333        3.00532916666667      -0.954697541175308     
   2.40466333333333        3.30566208333333      -0.905912348458396     
   2.40466333333333        3.60599500000000      -0.860732693302358     
   2.40466333333333        3.90632791666667      -0.818702578688021     
   2.40466333333333        4.20666083333333      -0.780385419299056     
   2.40466333333333        4.50699375000000      -0.746437497263007     
   2.40466333333333        4.80732666666667      -0.717041852212201     
   2.40466333333333        5.10765958333333      -0.691906270293694     
   2.40466333333333        5.40799250000000      -0.670586806117858     
   2.40466333333333        5.70832541666667      -0.652719105491276     
   2.40466333333333        6.00865833333333      -0.637897625815371     
   2.40466333333333        6.30899125000000      -0.625248042264335     
   2.40466333333333        6.60932416666667      -0.613018595942728     
   2.40466333333333        6.90965708333333      -0.598832783751136     
   2.40466333333333        7.20999000000000      -0.581004460681161     
   2.70499625000000       2.000000000000000E-003  -2.27920886885114     
   2.70499625000000       0.302332916666667       -2.21779445682294     
   2.70499625000000       0.602665833333333       -2.04921324197125     
   2.70499625000000       0.902998750000000       -1.82982907190205     
   2.70499625000000        1.20333166666667       -1.62022475638733     
   2.70499625000000        1.50366458333333       -1.44396048494748     
   2.70499625000000        1.80399750000000       -1.30022635503299     
   2.70499625000000        2.10433041666667       -1.18552691620113     
   2.70499625000000        2.40466333333333       -1.09519309076021     
   2.70499625000000        2.70499625000000       -1.02350356120664     
   2.70499625000000        3.00532916666667      -0.964442157592788     
   2.70499625000000        3.30566208333333      -0.912988670486184     
   2.70499625000000        3.60599500000000      -0.866119684053685     
   2.70499625000000        3.90632791666667      -0.822900985198007     
   2.70499625000000        4.20666083333333      -0.783710756723873     
   2.70499625000000        4.50699375000000      -0.749183275953780     
   2.70499625000000        4.80732666666667      -0.719528692603994     
   2.70499625000000        5.10765958333333      -0.694491123397009     
   2.70499625000000        5.40799250000000      -0.673711393766583     
   2.70499625000000        5.70832541666667      -0.657033325891852     
   2.70499625000000        6.00865833333333      -0.644414529181651     
   2.70499625000000        6.30899125000000      -0.635309802452607     
   2.70499625000000        6.60932416666667      -0.626904066946139     
   2.70499625000000        6.90965708333333      -0.614830196853996     
   2.70499625000000        7.20999000000000      -0.597165372594433     
   3.00532916666667       2.000000000000000E-003  -2.66038577401054     
   3.00532916666667       0.302332916666667       -2.57436173960149     
   3.00532916666667       0.602665833333333       -2.33747029218121     
   3.00532916666667       0.902998750000000       -2.03404666310042     
   3.00532916666667        1.20333166666667       -1.74535814719649     
   3.00532916666667        1.50366458333333       -1.51978544809519     
   3.00532916666667        1.80399750000000       -1.34760594313808     
   3.00532916666667        2.10433041666667       -1.21545662905426     
   3.00532916666667        2.40466333333333       -1.11418820602532     
   3.00532916666667        2.70499625000000       -1.03580239101948     
   3.00532916666667        3.00532916666667      -0.972832927711943     
   3.00532916666667        3.30566208333333      -0.919168780683559     
   3.00532916666667        3.60599500000000      -0.870986180523732     
   3.00532916666667        3.90632791666667      -0.826865009313127     
   3.00532916666667        4.20666083333333      -0.786981969767961     
   3.00532916666667        4.50699375000000      -0.751956327381229     
   3.00532916666667        4.80732666666667      -0.722064092046240     
   3.00532916666667        5.10765958333333      -0.697148140925869     
   3.00532916666667        5.40799250000000      -0.677020599412626     
   3.00532916666667        5.70832541666667      -0.661899629533375     
   3.00532916666667        6.00865833333333      -0.652553959625644     
   3.00532916666667        6.30899125000000      -0.649002007314416     
   3.00532916666667        6.60932416666667      -0.645923864746802     
   3.00532916666667        6.90965708333333      -0.636566688155671     
   3.00532916666667        7.20999000000000      -0.618497496749015     
   3.30566208333333       2.000000000000000E-003  -2.94147915446966     
   3.30566208333333       0.302332916666667       -2.84522305473100     
   3.30566208333333       0.602665833333333       -2.56684784141336     
   3.30566208333333       0.902998750000000       -2.19519556142395     
   3.30566208333333        1.20333166666667       -1.84532884938446     
   3.30566208333333        1.50366458333333       -1.57607678426264     
   3.30566208333333        1.80399750000000       -1.38147083186360     
   3.30566208333333        2.10433041666667       -1.23643496400018     
   3.30566208333333        2.40466333333333       -1.12734151706119     
   3.30566208333333        2.70499625000000       -1.04423292554224     
   3.30566208333333        3.00532916666667      -0.978542447016496     
   3.30566208333333        3.30566208333333      -0.923378333121790     
   3.30566208333333        3.60599500000000      -0.874343045518234     
   3.30566208333333        3.90632791666667      -0.829656368173472     
   3.30566208333333        4.20666083333333      -0.789336877561263     
   3.30566208333333        4.50699375000000      -0.753989193578406     
   3.30566208333333        4.80732666666667      -0.723947618084498     
   3.30566208333333        5.10765958333333      -0.699152746459008     
   3.30566208333333        5.40799250000000      -0.679594306827240     
   3.30566208333333        5.70832541666667      -0.665912293032474     
   3.30566208333333        6.00865833333333      -0.660014391061043     
   3.30566208333333        6.30899125000000      -0.661770024799404     
   3.30566208333333        6.60932416666667      -0.664693301737167     
   3.30566208333333        6.90965708333333      -0.658013993498829     
   3.30566208333333        7.20999000000000      -0.638918436557782     
   3.60599500000000       2.000000000000000E-003  -3.12632202211916     
   3.60599500000000       0.302332916666667       -2.94111142148290     
   3.60599500000000       0.602665833333333       -2.65262812350001     
   3.60599500000000       0.902998750000000       -2.25671302368963     
   3.60599500000000        1.20333166666667       -1.88368185365750     
   3.60599500000000        1.50366458333333       -1.59711592996205     
   3.60599500000000        1.80399750000000       -1.39383224196082     
   3.60599500000000        2.10433041666667       -1.24400333827685     
   3.60599500000000        2.40466333333333       -1.13205293260225     
   3.60599500000000        2.70499625000000       -1.04723303557118     
   3.60599500000000        3.00532916666667      -0.980561437021787     
   3.60599500000000        3.30566208333333      -0.924862064337683     
   3.60599500000000        3.60599500000000      -0.875529093605577     
   3.60599500000000        3.90632791666667      -0.830649645897765     
   3.60599500000000        4.20666083333333      -0.790182333450594     
   3.60599500000000        4.50699375000000      -0.754725344816117     
   3.60599500000000        4.80732666666667      -0.724635680176897     
   3.60599500000000        5.10765958333333      -0.699894362824864     
   3.60599500000000        5.40799250000000      -0.680568034866857     
   3.60599500000000        5.70832541666667      -0.667492277406237     
   3.60599500000000        6.00865833333333      -0.663099765440472     
   3.60599500000000        6.30899125000000      -0.667178170124654     
   3.60599500000000        6.60932416666667      -0.673078059839037     
   3.60599500000000        6.90965708333333      -0.668532558466739     
   3.60599500000000        7.20999000000000      -0.656066093148752     
   3.90632791666667       2.000000000000000E-003  -2.94147505139443     
   3.90632791666667       0.302332916666667       -2.84493039987576     
   3.90632791666667       0.602665833333333       -2.56657699812351     
   3.90632791666667       0.902998750000000       -2.19502653197607     
   3.90632791666667        1.20333166666667       -1.84523779677140     
   3.90632791666667        1.50366458333333       -1.57602356352213     
   3.90632791666667        1.80399750000000       -1.38143226113078     
   3.90632791666667        2.10433041666667       -1.23640221602800     
   3.90632791666667        2.40466333333333       -1.12731035986722     
   3.90632791666667        2.70499625000000       -1.04420130971059     
   3.90632791666667        3.00532916666667      -0.978509763828848     
   3.90632791666667        3.30566208333333      -0.923344906473407     
   3.90632791666667        3.60599500000000      -0.874309622854343     
   3.90632791666667        3.90632791666667      -0.829623740640526     
   3.90632791666667        4.20666083333333      -0.789305755122615     
   3.90632791666667        4.50699375000000      -0.753960303941429     
   3.90632791666667        4.80732666666667      -0.723921875182958     
   3.90632791666667        5.10765958333333      -0.699131360288633     
   3.90632791666667        5.40799250000000      -0.679578894445373     
   3.90632791666667        5.70832541666667      -0.665905398400306     
   3.90632791666667        6.00865833333333      -0.660021643657371     
   3.90632791666667        6.30899125000000      -0.661800629512948     
   3.90632791666667        6.60932416666667      -0.664752281976874     
   3.90632791666667        6.90965708333333      -0.658087292719605     
   3.90632791666667        7.20999000000000      -0.638959041215877     
   4.20666083333333       2.000000000000000E-003  -2.66037960339603     
   4.20666083333333       0.302332916666667       -2.57408656721348     
   4.20666083333333       0.602665833333333       -2.33716113915358     
   4.20666083333333       0.902998750000000       -2.03382744574350     
   4.20666083333333        1.20333166666667       -1.74522938585537     
   4.20666083333333        1.50366458333333       -1.51970118086058     
   4.20666083333333        1.80399750000000       -1.34754038866214     
   4.20666083333333        2.10433041666667       -1.21539733924845     
   4.20666083333333        2.40466333333333       -1.11412871450303     
   4.20666083333333        2.70499625000000       -1.03574002862704     
   4.20666083333333        3.00532916666667      -0.972767713185341     
   4.20666083333333        3.30566208333333      -0.919102198360896     
   4.20666083333333        3.60599500000000      -0.870919962161419     
   4.20666083333333        3.90632791666667      -0.826800412194190     
   4.20666083333333        4.20666083333333      -0.786919797309844     
   4.20666083333333        4.50699375000000      -0.751897467503407     
   4.20666083333333        4.80732666666667      -0.722010072183217     
   4.20666083333333        5.10765958333333      -0.697101329026765     
   4.20666083333333        5.40799250000000      -0.676984132503729     
   4.20666083333333        5.70832541666667      -0.661877708516470     
   4.20666083333333        6.00865833333333      -0.652553823065494     
   4.20666083333333        6.30899125000000      -0.649036396831137     
   4.20666083333333        6.60932416666667      -0.645996345352609     
   4.20666083333333        6.90965708333333      -0.636658104424407     
   4.20666083333333        7.20999000000000      -0.618565160978166     
   4.50699375000000       2.000000000000000E-003  -2.27919579530796     
   4.50699375000000       0.302332916666667       -2.21762062076581     
   4.50699375000000       0.602665833333333       -2.04899519770645     
   4.50699375000000       0.902998750000000       -1.82965854348369     
   4.50699375000000        1.20333166666667       -1.62010706713987     
   4.50699375000000        1.50366458333333       -1.44387205700180     
   4.50699375000000        1.80399750000000       -1.30014914782239     
   4.50699375000000        2.10433041666667       -1.18544897520648     
   4.50699375000000        2.40466333333333       -1.09510813927416     
   4.50699375000000        2.70499625000000       -1.02341056741308     
   4.50699375000000        3.00532916666667      -0.964343850807267     
   4.50699375000000        3.30566208333333      -0.912889086521796     
   4.50699375000000        3.60599500000000      -0.866021857065005     
   4.50699375000000        3.90632791666667      -0.822805966433851     
   4.50699375000000        4.20666083333333      -0.783618287873179     
   4.50699375000000        4.50699375000000      -0.749093382458654     
   4.50699375000000        4.80732666666667      -0.719442996424513     
   4.50699375000000        5.10765958333333      -0.694413093162002     
   4.50699375000000        5.40799250000000      -0.673645674521383     
   4.50699375000000        5.70832541666667      -0.656985063784027     
   4.50699375000000        6.00865833333333      -0.644389758439967     
   4.50699375000000        6.30899125000000      -0.635317180742893     
   4.50699375000000        6.60932416666667      -0.626947948956705     
   4.50699375000000        6.90965708333333      -0.614894096510117     
   4.50699375000000        7.20999000000000      -0.597219613378951     
   4.80732666666667       2.000000000000000E-003  -1.92759812972885     
   4.80732666666667       0.302332916666667       -1.88967237850321     
   4.80732666666667       0.602665833333333       -1.78265347096384     
   4.80732666666667       0.902998750000000       -1.64245246186986     
   4.80732666666667        1.20333166666667       -1.49772316842501     
   4.80732666666667        1.50366458333333       -1.36403926412508     
   4.80732666666667        1.80399750000000       -1.24816087192480     
   4.80732666666667        2.10433041666667       -1.15180330264983     
   4.80732666666667        2.40466333333333       -1.07338222492506     
   4.80732666666667        2.70499625000000       -1.00914806546979     
   4.80732666666667        3.00532916666667      -0.954563811370287     
   4.80732666666667        3.30566208333333      -0.905779324807885     
   4.80732666666667        3.60599500000000      -0.860604914639818     
   4.80732666666667        3.90632791666667      -0.818579854958176     
   4.80732666666667        4.20666083333333      -0.780264871325525     
   4.80732666666667        4.50699375000000      -0.746317017592937     
   4.80732666666667        4.80732666666667      -0.716922585604297     
   4.80732666666667        5.10765958333333      -0.691792779944372     
   4.80732666666667        5.40799250000000      -0.670485356560170     
   4.80732666666667        5.70832541666667      -0.652635646676376     
   4.80732666666667        6.00865833333333      -0.637836893697298     
   4.80732666666667        6.30899125000000      -0.625213693174491     
   4.80732666666667        6.60932416666667      -0.613012070791444     
   4.80732666666667        6.90965708333333      -0.598848147091395     
   4.80732666666667        7.20999000000000      -0.581024964776530     
   5.10765958333333       2.000000000000000E-003  -1.66695228178332     
   5.10765958333333       0.302332916666667       -1.64656362386800     
   5.10765958333333       0.602665833333333       -1.58332588330766     
   5.10765958333333       0.902998750000000       -1.49301740981163     
   5.10765958333333        1.20333166666667       -1.39122776961902     
   5.10765958333333        1.50366458333333       -1.29037405783691     
   5.10765958333333        1.80399750000000       -1.19832069926522     
   5.10765958333333        2.10433041666667       -1.11867512790938     
   5.10765958333333        2.40466333333333       -1.05155103670537     
   5.10765958333333        2.70499625000000      -0.994669244487035     
   5.10765958333333        3.00532916666667      -0.944775968761785     
   5.10765958333333        3.30566208333333      -0.899035213937452     
   5.10765958333333        3.60599500000000      -0.855916083290790     
   5.10765958333333        3.90632791666667      -0.815292874861534     
   5.10765958333333        4.20666083333333      -0.777868734191189     
   5.10765958333333        4.50699375000000      -0.744381565423246     
   5.10765958333333        4.80732666666667      -0.715102788336003     
   5.10765958333333        5.10765958333333      -0.689826318142596     
   5.10765958333333        5.40799250000000      -0.668138108538227     
   5.10765958333333        5.70832541666667      -0.649603971086591     
   5.10765958333333        6.00865833333333      -0.633683243684383     
   5.10765958333333        6.30899125000000      -0.619467429723405     
   5.10765958333333        6.60932416666667      -0.605530688450491     
   5.10765958333333        6.90965708333333      -0.590191846914237     
   5.10765958333333        7.20999000000000      -0.572179997111123     
   5.40799250000000       2.000000000000000E-003  -1.49794002867717     
   5.40799250000000       0.302332916666667       -1.48524775156472     
   5.40799250000000       0.602665833333333       -1.44244534091644     
   5.40799250000000       0.902998750000000       -1.37872199429522     
   5.40799250000000        1.20333166666667       -1.30428328622379     
   5.40799250000000        1.50366458333333       -1.22741158584137     
   5.40799250000000        1.80399750000000       -1.15409997002188     
   5.40799250000000        2.10433041666667       -1.08832275776089     
   5.40799250000000        2.40466333333333       -1.03108819226608     
   5.40799250000000        2.70499625000000      -0.981166002014005     
   5.40799250000000        3.00532916666667      -0.936258691218820     
   5.40799250000000        3.30566208333333      -0.894146549946489     
   5.40799250000000        3.60599500000000      -0.853531226960084     
   5.40799250000000        3.90632791666667      -0.814362674041773     
   5.40799250000000        4.20666083333333      -0.777511140118195     
   5.40799250000000        4.50699375000000      -0.744004662277710     
   5.40799250000000        4.80732666666667      -0.714421307284261     
   5.40799250000000        5.10765958333333      -0.688789375117282     
   5.40799250000000        5.40799250000000      -0.666812240711368     
   5.40799250000000        5.70832541666667      -0.648050969195005     
   5.40799250000000        6.00865833333333      -0.631885010230557     
   5.40799250000000        6.30899125000000      -0.617289285319292     
   5.40799250000000        6.60932416666667      -0.602972819814297     
   5.40799250000000        6.90965708333333      -0.587467336946984     
   5.40799250000000        7.20999000000000      -0.569499370377306     
   5.70832541666667       2.000000000000000E-003  -1.39361140558899     
   5.70832541666667       0.302332916666667       -1.38314395453164     
   5.70832541666667       0.602665833333333       -1.34760956019936     
   5.70832541666667       0.902998750000000       -1.29649763689032     
   5.70832541666667        1.20333166666667       -1.23749782700437     
   5.70832541666667        1.50366458333333       -1.17595000390185     
   5.70832541666667        1.80399750000000       -1.11610092754538     
   5.70832541666667        2.10433041666667       -1.06108119059729     
   5.70832541666667        2.40466333333333       -1.01232702199818     
   5.70832541666667        2.70499625000000      -0.969352519884773     
   5.70832541666667        3.00532916666667      -0.930407356920209     
   5.70832541666667        3.30566208333333      -0.893184971734741     
   5.70832541666667        3.60599500000000      -0.855751314337889     
   5.70832541666667        3.90632791666667      -0.817693732034902     
   5.70832541666667        4.20666083333333      -0.780371202825602     
   5.70832541666667        4.50699375000000      -0.745710680230782     
   5.70832541666667        4.80732666666667      -0.714981648640835     
   5.70832541666667        5.10765958333333      -0.688567529094777     
   5.70832541666667        5.40799250000000      -0.666291322885160     
   5.70832541666667        5.70832541666667      -0.647650032330881     
   5.70832541666667        6.00865833333333      -0.631690930618370     
   5.70832541666667        6.30899125000000      -0.617468706855524     
   5.70832541666667        6.60932416666667      -0.603834931526899     
   5.70832541666667        6.90965708333333      -0.589170721547886     
   5.70832541666667        7.20999000000000      -0.571665767161845     
   6.00865833333333       2.000000000000000E-003  -1.34009367032279     
   6.00865833333333       0.302332916666667       -1.32625493678051     
   6.00865833333333       0.602665833333333       -1.28699924508715     
   6.00865833333333       0.902998750000000       -1.23847729894988     
   6.00865833333333        1.20333166666667       -1.18691255689083     
   6.00865833333333        1.50366458333333       -1.13431199802228     
   6.00865833333333        1.80399750000000       -1.08304117298305     
   6.00865833333333        2.10433041666667       -1.03591644233891     
   6.00865833333333        2.40466333333333      -0.994753419042382     
   6.00865833333333        2.70499625000000      -0.959650993185566     
   6.00865833333333        3.00532916666667      -0.929146226450880     
   6.00865833333333        3.30566208333333      -0.899758975911610     
   6.00865833333333        3.60599500000000      -0.866682810621309     
   6.00865833333333        3.90632791666667      -0.828385666838710     
   6.00865833333333        4.20666083333333      -0.787833412845491     
   6.00865833333333        4.50699375000000      -0.749698754249966     
   6.00865833333333        4.80732666666667      -0.716433841464962     
   6.00865833333333        5.10765958333333      -0.688616075695597     
   6.00865833333333        5.40799250000000      -0.665965476255351     
   6.00865833333333        5.70832541666667      -0.647481993653543     
   6.00865833333333        6.00865833333333      -0.632097973926386     
   6.00865833333333        6.30899125000000      -0.618974356391309     
   6.00865833333333        6.60932416666667      -0.607175353301629     
   6.00865833333333        6.90965708333333      -0.594847651218900     
   6.00865833333333        7.20999000000000      -0.578602415902896     
   6.30899125000000       2.000000000000000E-003  -1.32878322874717     
   6.30899125000000       0.302332916666667       -1.30233890767524     
   6.30899125000000       0.602665833333333       -1.24796346547541     
   6.30899125000000       0.902998750000000       -1.19598659414744     
   6.30899125000000        1.20333166666667       -1.14672664738976     
   6.30899125000000        1.50366458333333       -1.09832762663980     
   6.30899125000000        1.80399750000000       -1.05221831627940     
   6.30899125000000        2.10433041666667       -1.01097652816806     
   6.30899125000000        2.40466333333333      -0.977166912206744     
   6.30899125000000        2.70499625000000      -0.952002579909216     
   6.30899125000000        3.00532916666667      -0.933681815250237     
   6.30899125000000        3.30566208333333      -0.914651978596112     
   6.30899125000000        3.60599500000000      -0.886514132631814     
   6.30899125000000        3.90632791666667      -0.846519684341265     
   6.30899125000000        4.20666083333333      -0.800131018000723     
   6.30899125000000        4.50699375000000      -0.755425597014974     
   6.30899125000000        4.80732666666667      -0.717773205868264     
   6.30899125000000        5.10765958333333      -0.687916048688471     
   6.30899125000000        5.40799250000000      -0.664716812589075     
   6.30899125000000        5.70832541666667      -0.646568523527497     
   6.30899125000000        6.00865833333333      -0.632296999126276     
   6.30899125000000        6.30899125000000      -0.621044110326960     
   6.30899125000000        6.60932416666667      -0.612242416414001     
   6.30899125000000        6.90965708333333      -0.604460039493725     
   6.30899125000000        7.20999000000000      -0.591278001567145     
   6.60932416666667       2.000000000000000E-003  -1.34242004734188     
   6.60932416666667       0.302332916666667       -1.28940554896995     
   6.60932416666667       0.602665833333333       -1.21790746429689     
   6.60932416666667       0.902998750000000       -1.16338817794800     
   6.60932416666667        1.20333166666667       -1.11243906887024     
   6.60932416666667        1.50366458333333       -1.06399149631867     
   6.60932416666667        1.80399750000000       -1.02035314999798     
   6.60932416666667        2.10433041666667      -0.983926793998934     
   6.60932416666667        2.40466333333333      -0.957468701973452     
   6.60932416666667        2.70499625000000      -0.943290463157136     
   6.60932416666667        3.00532916666667      -0.937334560084804     
   6.60932416666667        3.30566208333333      -0.929652524357916     
   6.60932416666667        3.60599500000000      -0.906749231052134     
   6.60932416666667        3.90632791666667      -0.864075730236516     
   6.60932416666667        4.20666083333333      -0.810987249689332     
   6.60932416666667        4.50699375000000      -0.759757680185397     
   6.60932416666667        4.80732666666667      -0.717094474269325     
   6.60932416666667        5.10765958333333      -0.684964085917862     
   6.60932416666667        5.40799250000000      -0.661261029123009     
   6.60932416666667        5.70832541666667      -0.643889157683630     
   6.60932416666667        6.00865833333333      -0.631576265630182     
   6.60932416666667        6.30899125000000      -0.623360517331474     
   6.60932416666667        6.60932416666667      -0.618316007887615     
   6.60932416666667        6.90965708333333      -0.616336553895322     
   6.60932416666667        7.20999000000000      -0.609151836313311     
   6.90965708333333       2.000000000000000E-003  -1.31636997904352     
   6.90965708333333       0.302332916666667       -1.25687705739885     
   6.90965708333333       0.602665833333333       -1.19969737184987     
   6.90965708333333       0.902998750000000       -1.13880582504038     
   6.90965708333333        1.20333166666667       -1.07915675723075     
   6.90965708333333        1.50366458333333       -1.02734572330342     
   6.90965708333333        1.80399750000000      -0.984791273682546     
   6.90965708333333        2.10433041666667      -0.952416827588390     
   6.90965708333333        2.40466333333333      -0.932597329722712     
   6.90965708333333        2.70499625000000      -0.926811708221372     
   6.90965708333333        3.00532916666667      -0.929922651490675     
   6.90965708333333        3.30566208333333      -0.929456684955894     
   6.90965708333333        3.60599500000000      -0.910993690631140     
   6.90965708333333        3.90632791666667      -0.867687334764092     
   6.90965708333333        4.20666083333333      -0.812142225574255     
   6.90965708333333        4.50699375000000      -0.757360294332473     
   6.90965708333333        4.80732666666667      -0.711729029443114     
   6.90965708333333        5.10765958333333      -0.677999068620153     
   6.90965708333333        5.40799250000000      -0.654270291318505     
   6.90965708333333        5.70832541666667      -0.638113926444311     
   6.90965708333333        6.00865833333333      -0.628562258941195     
   6.90965708333333        6.30899125000000      -0.625233759334961     
   6.90965708333333        6.60932416666667      -0.626023020330252     
   6.90965708333333        6.90965708333333      -0.624959268406895     
   6.90965708333333        7.20999000000000      -0.620284158572466     
   7.20999000000000       2.000000000000000E-003  -1.23727592554138     
   7.20999000000000       0.302332916666667       -1.23843104889851     
   7.20999000000000       0.602665833333333       -1.18410398474409     
   7.20999000000000       0.902998750000000       -1.10448498083085     
   7.20999000000000        1.20333166666667       -1.03677445665972     
   7.20999000000000        1.50366458333333      -0.984045248792992     
   7.20999000000000        1.80399750000000      -0.943727089970942     
   7.20999000000000        2.10433041666667      -0.915121710478903     
   7.20999000000000        2.40466333333333      -0.899864443110652     
   7.20999000000000        2.70499625000000      -0.898424465969106     
   7.20999000000000        3.00532916666667      -0.904992741743333     
   7.20999000000000        3.30566208333333      -0.906433495724212     
   7.20999000000000        3.60599500000000      -0.901578944775776     
   7.20999000000000        3.90632791666667      -0.852714205371331     
   7.20999000000000        4.20666083333333      -0.799050637849090     
   7.20999000000000        4.50699375000000      -0.744852720480172     
   7.20999000000000        4.80732666666667      -0.699239394840139     
   7.20999000000000        5.10765958333333      -0.665652963415532     
   7.20999000000000        5.40799250000000      -0.642599352658293     
   7.20999000000000        5.70832541666667      -0.627642371370899     
   7.20999000000000        6.00865833333333      -0.620159080508341     
   7.20999000000000        6.30899125000000      -0.620845804298048     
   7.20999000000000        6.60932416666667      -0.628658723788509     
   7.20999000000000        6.90965708333333      -0.629625386124603     
   7.20999000000000        7.20999000000000      -0.614851387859666     
