  2.000000000000000E-003  2.000000000000000E-003 -0.932284581531450     
  2.000000000000000E-003  0.302332916666667      -0.945582121278968     
  2.000000000000000E-003  0.602665833333333      -0.914384669434022     
  2.000000000000000E-003  0.902998750000000      -0.858869124469720     
  2.000000000000000E-003   1.20333166666667      -0.814164128492458     
  2.000000000000000E-003   1.50366458333333      -0.783506888984806     
  2.000000000000000E-003   1.80399750000000      -0.764826810202400     
  2.000000000000000E-003   2.10433041666667      -0.758019939889100     
  2.000000000000000E-003   2.40466333333333      -0.765655011979989     
  2.000000000000000E-003   2.70499625000000      -0.788684884276809     
  2.000000000000000E-003   3.00532916666667      -0.819755988468221     
  2.000000000000000E-003   3.30566208333333      -0.842333930338831     
  2.000000000000000E-003   3.60599500000000      -0.853757281589015     
  2.000000000000000E-003   3.90632791666667      -0.811185629865552     
  2.000000000000000E-003   4.20666083333333      -0.759001436301200     
  2.000000000000000E-003   4.50699375000000      -0.701741364336311     
  2.000000000000000E-003   4.80732666666667      -0.653804353296595     
  2.000000000000000E-003   5.10765958333333      -0.620896694601195     
  2.000000000000000E-003   5.40799250000000      -0.601510654249955     
  2.000000000000000E-003   5.70832541666667      -0.592617394200548     
  2.000000000000000E-003   6.00865833333333      -0.593400631908505     
  2.000000000000000E-003   6.30899125000000      -0.604536073369140     
  2.000000000000000E-003   6.60932416666667      -0.623836147572540     
  2.000000000000000E-003   6.90965708333333      -0.630796796759837     
  2.000000000000000E-003   7.20999000000000      -0.615059648481494     
  0.302332916666667       2.000000000000000E-003 -0.970632089208122     
  0.302332916666667       0.302332916666667      -0.933288382093435     
  0.302332916666667       0.602665833333333      -0.906973803010999     
  0.302332916666667       0.902998750000000      -0.874113137738367     
  0.302332916666667        1.20333166666667      -0.840237711114051     
  0.302332916666667        1.50366458333333      -0.812929732198178     
  0.302332916666667        1.80399750000000      -0.794316494615094     
  0.302332916666667        2.10433041666667      -0.785910215144128     
  0.302332916666667        2.40466333333333      -0.790944762982578     
  0.302332916666667        2.70499625000000      -0.811139827093650     
  0.302332916666667        3.00532916666667      -0.839611685101464     
  0.302332916666667        3.30566208333333      -0.860931924023652     
  0.302332916666667        3.60599500000000      -0.858562352172716     
  0.302332916666667        3.90632791666667      -0.824974808152446     
  0.302332916666667        4.20666083333333      -0.771091345430455     
  0.302332916666667        4.50699375000000      -0.713751685756321     
  0.302332916666667        4.80732666666667      -0.666394989512244     
  0.302332916666667        5.10765958333333      -0.633924581204977     
  0.302332916666667        5.40799250000000      -0.614235501267098     
  0.302332916666667        5.70832541666667      -0.604220954839811     
  0.302332916666667        6.00865833333333      -0.602443732544550     
  0.302332916666667        6.30899125000000      -0.607828328041966     
  0.302332916666667        6.60932416666667      -0.616335107355705     
  0.302332916666667        6.90965708333333      -0.620236733484228     
  0.302332916666667        7.20999000000000      -0.623766303884076     
  0.602665833333333       2.000000000000000E-003 -0.964223900249094     
  0.602665833333333       0.302332916666667      -0.936311328536220     
  0.602665833333333       0.602665833333333      -0.900879748664253     
  0.602665833333333       0.902998750000000      -0.878471577097723     
  0.602665833333333        1.20333166666667      -0.856231073888290     
  0.602665833333333        1.50366458333333      -0.834831560474059     
  0.602665833333333        1.80399750000000      -0.817432239820908     
  0.602665833333333        2.10433041666667      -0.806937132908279     
  0.602665833333333        2.40466333333333      -0.806641765483495     
  0.602665833333333        2.70499625000000      -0.819175517946764     
  0.602665833333333        3.00532916666667      -0.838564344351866     
  0.602665833333333        3.30566208333333      -0.852793033740540     
  0.602665833333333        3.60599500000000      -0.846300627940564     
  0.602665833333333        3.90632791666667      -0.813222859070179     
  0.602665833333333        4.20666083333333      -0.763051073527696     
  0.602665833333333        4.50699375000000      -0.711591897318955     
  0.602665833333333        4.80732666666667      -0.669283077728166     
  0.602665833333333        5.10765958333333      -0.639898590013851     
  0.602665833333333        5.40799250000000      -0.620914178097078     
  0.602665833333333        5.70832541666667      -0.609670091572707     
  0.602665833333333        6.00865833333333      -0.604192128142687     
  0.602665833333333        6.30899125000000      -0.602646384977316     
  0.602665833333333        6.60932416666667      -0.603500880132055     
  0.602665833333333        6.90965708333333      -0.608898993555179     
  0.602665833333333        7.20999000000000      -0.609475380735195     
  0.902998750000000       2.000000000000000E-003 -0.927077557429001     
  0.902998750000000       0.302332916666667      -0.925452024718498     
  0.902998750000000       0.602665833333333      -0.905492874755890     
  0.902998750000000       0.902998750000000      -0.888002593927935     
  0.902998750000000        1.20333166666667      -0.871123421777380     
  0.902998750000000        1.50366458333333      -0.853340214676980     
  0.902998750000000        1.80399750000000      -0.836435700970472     
  0.902998750000000        2.10433041666667      -0.823242436414145     
  0.902998750000000        2.40466333333333      -0.816898462548564     
  0.902998750000000        2.70499625000000      -0.818438122928964     
  0.902998750000000        3.00532916666667      -0.824998217438607     
  0.902998750000000        3.30566208333333      -0.827103209188774     
  0.902998750000000        3.60599500000000      -0.814816991156472     
  0.902998750000000        3.90632791666667      -0.784675406366511     
  0.902998750000000        4.20666083333333      -0.743110539227241     
  0.902998750000000        4.50699375000000      -0.700867134189592     
  0.902998750000000        4.80732666666667      -0.666239622515699     
  0.902998750000000        5.10765958333333      -0.640798281205045     
  0.902998750000000        5.40799250000000      -0.623135977876178     
  0.902998750000000        5.70832541666667      -0.611273531801858     
  0.902998750000000        6.00865833333333      -0.603377020423205     
  0.902998750000000        6.30899125000000      -0.598074740764928     
  0.902998750000000        6.60932416666667      -0.594942185808797     
  0.902998750000000        6.90965708333333      -0.593241482225412     
  0.902998750000000        7.20999000000000      -0.584016484561748     
   1.20333166666667       2.000000000000000E-003 -0.903569680171125     
   1.20333166666667       0.302332916666667      -0.915614089617736     
   1.20333166666667       0.602665833333333      -0.911465196458615     
   1.20333166666667       0.902998750000000      -0.901416992819213     
   1.20333166666667        1.20333166666667      -0.888107179248318     
   1.20333166666667        1.50366458333333      -0.871877525160766     
   1.20333166666667        1.80399750000000      -0.854278607220254     
   1.20333166666667        2.10433041666667      -0.838330649476591     
   1.20333166666667        2.40466333333333      -0.826267913110802     
   1.20333166666667        2.70499625000000      -0.817781800123442     
   1.20333166666667        3.00532916666667      -0.811074491525575     
   1.20333166666667        3.30566208333333      -0.801879902300256     
   1.20333166666667        3.60599500000000      -0.784252776176098     
   1.20333166666667        3.90632791666667      -0.756402027443204     
   1.20333166666667        4.20666083333333      -0.722454270338375     
   1.20333166666667        4.50699375000000      -0.689339201982749     
   1.20333166666667        4.80732666666667      -0.661155711626241     
   1.20333166666667        5.10765958333333      -0.639072719358655     
   1.20333166666667        5.40799250000000      -0.622743121845611     
   1.20333166666667        5.70832541666667      -0.610865580440195     
   1.20333166666667        6.00865833333333      -0.601807725348507     
   1.20333166666667        6.30899125000000      -0.594378228708834     
   1.20333166666667        6.60932416666667      -0.587659624472360     
   1.20333166666667        6.90965708333333      -0.579639334928275     
   1.20333166666667        7.20999000000000      -0.565539565786128     
   1.50366458333333       2.000000000000000E-003 -0.900771275286895     
   1.50366458333333       0.302332916666667      -0.919166257467224     
   1.50366458333333       0.602665833333333      -0.924269599022217     
   1.50366458333333       0.902998750000000      -0.920289322991955     
   1.50366458333333        1.20333166666667      -0.909659449674343     
   1.50366458333333        1.50366458333333      -0.893726905082852     
   1.50366458333333        1.80399750000000      -0.874726456219973     
   1.50366458333333        2.10433041666667      -0.855769248556499     
   1.50366458333333        2.40466333333333      -0.838079595199285     
   1.50366458333333        2.70499625000000      -0.821780187893446     
   1.50366458333333        3.00532916666667      -0.805758100535755     
   1.50366458333333        3.30566208333333      -0.787758351454957     
   1.50366458333333        3.60599500000000      -0.765510464607923     
   1.50366458333333        3.90632791666667      -0.738616861993144     
   1.50366458333333        4.20666083333333      -0.709335454417000     
   1.50366458333333        4.50699375000000      -0.681112041022475     
   1.50366458333333        4.80732666666667      -0.656578827530142     
   1.50366458333333        5.10765958333333      -0.636775738390747     
   1.50366458333333        5.40799250000000      -0.621478697661716     
   1.50366458333333        5.70832541666667      -0.609806202903200     
   1.50366458333333        6.00865833333333      -0.600314555952074     
   1.50366458333333        6.30899125000000      -0.591680241019508     
   1.50366458333333        6.60932416666667      -0.582648922049346     
   1.50366458333333        6.90965708333333      -0.571382521382717     
   1.50366458333333        7.20999000000000      -0.555477030112290     
   1.80399750000000       2.000000000000000E-003 -0.918763504511246     
   1.80399750000000       0.302332916666667      -0.940762601439481     
   1.80399750000000       0.602665833333333      -0.950235344927565     
   1.80399750000000       0.902998750000000      -0.949248970761917     
   1.80399750000000        1.20333166666667      -0.939554950572162     
   1.80399750000000        1.50366458333333      -0.922921021391348     
   1.80399750000000        1.80399750000000      -0.901858056278999     
   1.80399750000000        2.10433041666667      -0.878427353987156     
   1.80399750000000        2.40466333333333      -0.854432870944750     
   1.80399750000000        2.70499625000000      -0.830967188440956     
   1.80399750000000        3.00532916666667      -0.807929357980138     
   1.80399750000000        3.30566208333333      -0.784197712731064     
   1.80399750000000        3.60599500000000      -0.758586912877106     
   1.80399750000000        3.90632791666667      -0.731011900679424     
   1.80399750000000        4.20666083333333      -0.702907653852605     
   1.80399750000000        4.50699375000000      -0.676519906939142     
   1.80399750000000        4.80732666666667      -0.653720289612977     
   1.80399750000000        5.10765958333333      -0.635264778630860     
   1.80399750000000        5.40799250000000      -0.620818387689483     
   1.80399750000000        5.70832541666667      -0.609442825033679     
   1.80399750000000        6.00865833333333      -0.600015002806520     
   1.80399750000000        6.30899125000000      -0.591154314082567     
   1.80399750000000        6.60932416666667      -0.581403491035910     
   1.80399750000000        6.90965708333333      -0.569135130357186     
   1.80399750000000        7.20999000000000      -0.552749789954484     
   2.10433041666667       2.000000000000000E-003 -0.959910231295404     
   2.10433041666667       0.302332916666667      -0.984481392317351     
   2.10433041666667       0.602665833333333      -0.994751365060194     
   2.10433041666667       0.902998750000000      -0.993071369639303     
   2.10433041666667        1.20333166666667      -0.981872243719303     
   2.10433041666667        1.50366458333333      -0.962868454468444     
   2.10433041666667        1.80399750000000      -0.937502912906721     
   2.10433041666667        2.10433041666667      -0.907772997443161     
   2.10433041666667        2.40466333333333      -0.876238132834469     
   2.10433041666667        2.70499625000000      -0.845133079097799     
   2.10433041666667        3.00532916666667      -0.815436029572840     
   2.10433041666667        3.30566208333333      -0.786748580770311     
   2.10433041666667        3.60599500000000      -0.758134209255386     
   2.10433041666667        3.90632791666667      -0.729270089689220     
   2.10433041666667        4.20666083333333      -0.701024218571441     
   2.10433041666667        4.50699375000000      -0.675070256810422     
   2.10433041666667        4.80732666666667      -0.652936097502002     
   2.10433041666667        5.10765958333333      -0.635242750046479     
   2.10433041666667        5.40799250000000      -0.621595722605697     
   2.10433041666667        5.70832541666667      -0.611004448991962     
   2.10433041666667        6.00865833333333      -0.602329888819092     
   2.10433041666667        6.30899125000000      -0.594351399669413     
   2.10433041666667        6.60932416666667      -0.585501972795429     
   2.10433041666667        6.90965708333333      -0.573817111007975     
   2.10433041666667        7.20999000000000      -0.557603854673990     
   2.40466333333333       2.000000000000000E-003  -1.03110107661773     
   2.40466333333333       0.302332916666667       -1.05751817023234     
   2.40466333333333       0.602665833333333       -1.06383227288233     
   2.40466333333333       0.902998750000000       -1.05568027436606     
   2.40466333333333        1.20333166666667       -1.03805830096446     
   2.40466333333333        1.50366458333333       -1.01294754665349     
   2.40466333333333        1.80399750000000      -0.980812870890738     
   2.40466333333333        2.10433041666667      -0.943096398828275     
   2.40466333333333        2.40466333333333      -0.902812120511712     
   2.40466333333333        2.70499625000000      -0.863300312184741     
   2.40466333333333        3.00532916666667      -0.826627054496941     
   2.40466333333333        3.30566208333333      -0.792974293221557     
   2.40466333333333        3.60599500000000      -0.761359131009052     
   2.40466333333333        3.90632791666667      -0.730977994154979     
   2.40466333333333        4.20666083333333      -0.702111510601587     
   2.40466333333333        4.50699375000000      -0.676012241624298     
   2.40466333333333        4.80732666666667      -0.654043463256680     
   2.40466333333333        5.10765958333333      -0.636839517821568     
   2.40466333333333        5.40799250000000      -0.624082608915974     
   2.40466333333333        5.70832541666667      -0.614881230527326     
   2.40466333333333        6.00865833333333      -0.608223570430026     
   2.40466333333333        6.30899125000000      -0.602940649016365     
   2.40466333333333        6.60932416666667      -0.597107945451370     
   2.40466333333333        6.90965708333333      -0.587742542869332     
   2.40466333333333        7.20999000000000      -0.572069930977383     
   2.70499625000000       2.000000000000000E-003  -1.13444543485649     
   2.70499625000000       0.302332916666667       -1.16331067437189     
   2.70499625000000       0.602665833333333       -1.16296283143152     
   2.70499625000000       0.902998750000000       -1.13929511854654     
   2.70499625000000        1.20333166666667       -1.10537526991507     
   2.70499625000000        1.50366458333333       -1.06900711077322     
   2.70499625000000        1.80399750000000       -1.02775024147632     
   2.70499625000000        2.10433041666667      -0.980997384232107     
   2.70499625000000        2.40466333333333      -0.931468128014661     
   2.70499625000000        2.70499625000000      -0.883313880965744     
   2.70499625000000        3.00532916666667      -0.839588235700641     
   2.70499625000000        3.30566208333333      -0.800988671951270     
   2.70499625000000        3.60599500000000      -0.766402560745788     
   2.70499625000000        3.90632791666667      -0.734470533887818     
   2.70499625000000        4.20666083333333      -0.704860609559980     
   2.70499625000000        4.50699375000000      -0.678433232083723     
   2.70499625000000        4.80732666666667      -0.656451574001515     
   2.70499625000000        5.10765958333333      -0.639657393143142     
   2.70499625000000        5.40799250000000      -0.627949931114884     
   2.70499625000000        5.70832541666667      -0.620764440877185     
   2.70499625000000        6.00865833333333      -0.617599862173229     
   2.70499625000000        6.30899125000000      -0.617862477353960     
   2.70499625000000        6.60932416666667      -0.618252416467467     
   2.70499625000000        6.90965708333333      -0.612628140626512     
   2.70499625000000        7.20999000000000      -0.597438366107903     
   3.00532916666667       2.000000000000000E-003  -1.25356285142914     
   3.00532916666667       0.302332916666667       -1.28611715327294     
   3.00532916666667       0.602665833333333       -1.27709507121899     
   3.00532916666667       0.902998750000000       -1.23605736295820     
   3.00532916666667        1.20333166666667       -1.17669535305992     
   3.00532916666667        1.50366458333333       -1.12305052004538     
   3.00532916666667        1.80399750000000       -1.07122272967535     
   3.00532916666667        2.10433041666667       -1.01566450604077     
   3.00532916666667        2.40466333333333      -0.957708329533813     
   3.00532916666667        2.70499625000000      -0.901832033389162     
   3.00532916666667        3.00532916666667      -0.851839312463068     
   3.00532916666667        3.30566208333333      -0.808852108563261     
   3.00532916666667        3.60599500000000      -0.771633556049209     
   3.00532916666667        3.90632791666667      -0.738323152307169     
   3.00532916666667        4.20666083333333      -0.708037626756723     
   3.00532916666667        4.50699375000000      -0.681288610808849     
   3.00532916666667        4.80732666666667      -0.659266478527935     
   3.00532916666667        5.10765958333333      -0.642857250528592     
   3.00532916666667        5.40799250000000      -0.632267049877108     
   3.00532916666667        5.70832541666667      -0.627491564482421     
   3.00532916666667        6.00865833333333      -0.629180102823983     
   3.00532916666667        6.30899125000000      -0.637603271207196     
   3.00532916666667        6.60932416666667      -0.645929869283885     
   3.00532916666667        6.90965708333333      -0.644882844847057     
   3.00532916666667        7.20999000000000      -0.629574559263599     
   3.30566208333333       2.000000000000000E-003  -1.34692550897845     
   3.30566208333333       0.302332916666667       -1.38729061009393     
   3.30566208333333       0.602665833333333       -1.37445566214581     
   3.30566208333333       0.902998750000000       -1.31616090789656     
   3.30566208333333        1.20333166666667       -1.23640274985642     
   3.30566208333333        1.50366458333333       -1.16359182093535     
   3.30566208333333        1.80399750000000       -1.10247012169394     
   3.30566208333333        2.10433041666667       -1.04026129431097     
   3.30566208333333        2.40466333333333      -0.976310535433138     
   3.30566208333333        2.70499625000000      -0.915029479819847     
   3.30566208333333        3.00532916666667      -0.860660036300499     
   3.30566208333333        3.30566208333333      -0.814603457635343     
   3.30566208333333        3.60599500000000      -0.775539884714581     
   3.30566208333333        3.90632791666667      -0.741263942435403     
   3.30566208333333        4.20666083333333      -0.710507504600343     
   3.30566208333333        4.50699375000000      -0.683536149219838     
   3.30566208333333        4.80732666666667      -0.661492442810338     
   3.30566208333333        5.10765958333333      -0.645384858296336     
   3.30566208333333        5.40799250000000      -0.635702925640753     
   3.30566208333333        5.70832541666667      -0.633048907651274     
   3.30566208333333        6.00865833333333      -0.639629381732707     
   3.30566208333333        6.30899125000000      -0.655450219656791     
   3.30566208333333        6.60932416666667      -0.671962909089615     
   3.30566208333333        6.90965708333333      -0.674615942255312     
   3.30566208333333        7.20999000000000      -0.658193613597259     
   3.60599500000000       2.000000000000000E-003  -1.39383224196082     
   3.60599500000000       0.302332916666667       -1.42501576117443     
   3.60599500000000       0.602665833333333       -1.41313286421471     
   3.60599500000000       0.902998750000000       -1.34771531392463     
   3.60599500000000        1.20333166666667       -1.25998535972047     
   3.60599500000000        1.50366458333333       -1.17885916846375     
   3.60599500000000        1.80399750000000       -1.11389787057534     
   3.60599500000000        2.10433041666667       -1.04918003392147     
   3.60599500000000        2.40466333333333      -0.983048549063107     
   3.60599500000000        2.70499625000000      -0.919819845414644     
   3.60599500000000        3.00532916666667      -0.863874574227403     
   3.60599500000000        3.30566208333333      -0.816711160966956     
   3.60599500000000        3.60599500000000      -0.776981167454424     
   3.60599500000000        3.90632791666667      -0.742356689545062     
   3.60599500000000        4.20666083333333      -0.711431472697111     
   3.60599500000000        4.50699375000000      -0.684382106493849     
   3.60599500000000        4.80732666666667      -0.662334405073492     
   3.60599500000000        5.10765958333333      -0.646345245460164     
   3.60599500000000        5.40799250000000      -0.637021873808635     
   3.60599500000000        5.70832541666667      -0.635242072962303     
   3.60599500000000        6.00865833333333      -0.643914965380206     
   3.60599500000000        6.30899125000000      -0.662872088036526     
   3.60599500000000        6.60932416666667      -0.683156581450110     
   3.60599500000000        6.90965708333333      -0.688016230019132     
   3.60599500000000        7.20999000000000      -0.680568384093697     
   3.90632791666667       2.000000000000000E-003  -1.34690554259132     
   3.90632791666667       0.302332916666667       -1.38706952712332     
   3.90632791666667       0.602665833333333       -1.37424923220159     
   3.90632791666667       0.902998750000000       -1.31602937838147     
   3.90632791666667        1.20333166666667       -1.23633189506211     
   3.90632791666667        1.50366458333333       -1.16355274644760     
   3.90632791666667        1.80399750000000       -1.10244523439802     
   3.90632791666667        2.10433041666667       -1.04024361568468     
   3.90632791666667        2.40466333333333      -0.976296271241130     
   3.90632791666667        2.70499625000000      -0.915016370167412     
   3.90632791666667        3.00532916666667      -0.860647002864813     
   3.90632791666667        3.30566208333333      -0.814590325965201     
   3.90632791666667        3.60599500000000      -0.775526978928013     
   3.90632791666667        3.90632791666667      -0.741251729131763     
   3.90632791666667        4.20666083333333      -0.710496484459915     
   3.90632791666667        4.50699375000000      -0.683527011141120     
   3.90632791666667        4.80732666666667      -0.661486312259698     
   3.90632791666667        5.10765958333333      -0.645383472520880     
   3.90632791666667        5.40799250000000      -0.635708838967127     
   3.90632791666667        5.70832541666667      -0.633066470129425     
   3.90632791666667        6.00865833333333      -0.639669026969622     
   3.90632791666667        6.30899125000000      -0.655529036009031     
   3.90632791666667        6.60932416666667      -0.672090639746610     
   3.90632791666667        6.90965708333333      -0.674761833139064     
   3.90632791666667        7.20999000000000      -0.658248719998965     
   4.20666083333333       2.000000000000000E-003  -1.25352971840821     
   4.20666083333333       0.302332916666667       -1.28589716608429     
   4.20666083333333       0.602665833333333       -1.27685313600040     
   4.20666083333333       0.902998750000000       -1.23588510934103     
   4.20666083333333        1.20333166666667       -1.17659650060933     
   4.20666083333333        1.50366458333333       -1.12299136019653     
   4.20666083333333        1.80399750000000       -1.07118372136648     
   4.20666083333333        2.10433041666667       -1.01563551441913     
   4.20666083333333        2.40466333333333      -0.957683144687314     
   4.20666083333333        2.70499625000000      -0.901807151031338     
   4.20666083333333        3.00532916666667      -0.851813557756097     
   4.20666083333333        3.30566208333333      -0.808825924374247     
   4.20666083333333        3.60599500000000      -0.771607981671560     
   4.20666083333333        3.90632791666667      -0.738299038499224     
   4.20666083333333        4.20666083333333      -0.708015526949936     
   4.20666083333333        4.50699375000000      -0.681269305628441     
   4.20666083333333        4.80732666666667      -0.659251667087384     
   4.20666083333333        5.10765958333333      -0.642849937196640     
   4.20666083333333        5.40799250000000      -0.632271645887633     
   4.20666083333333        5.70832541666667      -0.627514583256412     
   4.20666083333333        6.00865833333333      -0.629233657583318     
   4.20666083333333        6.30899125000000      -0.637708680244944     
   4.20666083333333        6.60932416666667      -0.646089872669180     
   4.20666083333333        6.90965708333333      -0.645053658357135     
   4.20666083333333        7.20999000000000      -0.629668260691393     
   4.50699375000000       2.000000000000000E-003  -1.13440830015573     
   4.50699375000000       0.302332916666667       -1.16316098138959     
   4.50699375000000       0.602665833333333       -1.16278591942113     
   4.50699375000000       0.902998750000000       -1.13916033316089     
   4.50699375000000        1.20333166666667       -1.10528850771932     
   4.50699375000000        1.50366458333333       -1.06895128655883     
   4.50699375000000        1.80399750000000       -1.02771154044733     
   4.50699375000000        2.10433041666667      -0.980965401381259     
   4.50699375000000        2.40466333333333      -0.931435859824094     
   4.50699375000000        2.70499625000000      -0.883278178817002     
   4.50699375000000        3.00532916666667      -0.839549475972906     
   4.50699375000000        3.30566208333333      -0.800949228347036     
   4.50699375000000        3.60599500000000      -0.766364787306815     
   4.50699375000000        3.90632791666667      -0.734435441674139     
   4.50699375000000        4.20666083333333      -0.704827971559903     
   4.50699375000000        4.50699375000000      -0.678402870975517     
   4.50699375000000        4.80732666666667      -0.656424837382630     
   4.50699375000000        5.10765958333333      -0.639637848567225     
   4.50699375000000        5.40799250000000      -0.627943074016300     
   4.50699375000000        5.70832541666667      -0.620777168395054     
   4.50699375000000        6.00865833333333      -0.617640919112365     
   4.50699375000000        6.30899125000000      -0.617943881101690     
   4.50699375000000        6.60932416666667      -0.618375653453239     
   4.50699375000000        6.90965708333333      -0.612758489091631     
   4.50699375000000        7.20999000000000      -0.597524347370456     
   4.80732666666667       2.000000000000000E-003  -1.03105832521147     
   4.80732666666667       0.302332916666667       -1.05742698623915     
   4.80732666666667       0.602665833333333       -1.06373066905852     
   4.80732666666667       0.902998750000000       -1.05559773162353     
   4.80732666666667        1.20333166666667       -1.03800151591345     
   4.80732666666667        1.50366458333333       -1.01291023389833     
   4.80732666666667        1.80399750000000      -0.980784238111427     
   4.80732666666667        2.10433041666667      -0.943066025546055     
   4.80732666666667        2.40466333333333      -0.902773374197427     
   4.80732666666667        2.70499625000000      -0.863252131038865     
   4.80732666666667        3.00532916666667      -0.826573251943005     
   4.80732666666667        3.30566208333333      -0.792920636312422     
   4.80732666666667        3.60599500000000      -0.761309850321976     
   4.80732666666667        3.90632791666667      -0.730933818692142     
   4.80732666666667        4.20666083333333      -0.702070313265161     
   4.80732666666667        4.50699375000000      -0.675971616720643     
   4.80732666666667        4.80732666666667      -0.654003385559476     
   4.80732666666667        5.10765958333333      -0.636803449753583     
   4.80732666666667        5.40799250000000      -0.624056677739828     
   4.80732666666667        5.70832541666667      -0.614872378834285     
   4.80732666666667        6.00865833333333      -0.608237911874941     
   4.80732666666667        6.30899125000000      -0.602982038979635     
   4.80732666666667        6.60932416666667      -0.597174405431497     
   4.80732666666667        6.90965708333333      -0.587819293400850     
   4.80732666666667        7.20999000000000      -0.572131607763797     
   5.10765958333333       2.000000000000000E-003 -0.959854274619638     
   5.10765958333333       0.302332916666667      -0.984417828332473     
   5.10765958333333       0.602665833333333      -0.994694162822132     
   5.10765958333333       0.902998750000000      -0.993029896434846     
   5.10765958333333        1.20333166666667      -0.981847527923221     
   5.10765958333333        1.50366458333333      -0.962853192742099     
   5.10765958333333        1.80399750000000      -0.937485244087476     
   5.10765958333333        2.10433041666667      -0.907741846512922     
   5.10765958333333        2.40466333333333      -0.876188123581739     
   5.10765958333333        2.70499625000000      -0.845066871187455     
   5.10765958333333        3.00532916666667      -0.815362710879644     
   5.10765958333333        3.30566208333333      -0.786678729592688     
   5.10765958333333        3.60599500000000      -0.758074344850481     
   5.10765958333333        3.90632791666667      -0.729219922105344     
   5.10765958333333        4.20666083333333      -0.700978339439396     
   5.10765958333333        4.50699375000000      -0.675022742052558     
   5.10765958333333        4.80732666666667      -0.652884730198221     
   5.10765958333333        5.10765958333333      -0.635190462618952     
   5.10765958333333        5.40799250000000      -0.621549045918755     
   5.10765958333333        5.70832541666667      -0.610970503317153     
   5.10765958333333        6.00865833333333      -0.602313871580153     
   5.10765958333333        6.30899125000000      -0.594355484907386     
   5.10765958333333        6.60932416666667      -0.585525002252159     
   5.10765958333333        6.90965708333333      -0.573854322236033     
   5.10765958333333        7.20999000000000      -0.557646923294681     
   5.40799250000000       2.000000000000000E-003 -0.918686234547037     
   5.40799250000000       0.302332916666667      -0.940696812042744     
   5.40799250000000       0.602665833333333      -0.950191865543544     
   5.40799250000000       0.902998750000000      -0.949232536312749     
   5.40799250000000        1.20333166666667      -0.939557037979152     
   5.40799250000000        1.50366458333333      -0.922923213849640     
   5.40799250000000        1.80399750000000      -0.901844807841132     
   5.40799250000000        2.10433041666667      -0.878386903003533     
   5.40799250000000        2.40466333333333      -0.854361977168777     
   5.40799250000000        2.70499625000000      -0.830873647256714     
   5.40799250000000        3.00532916666667      -0.807829370256862     
   5.40799250000000        3.30566208333333      -0.784108451114608     
   5.40799250000000        3.60599500000000      -0.758517777399088     
   5.40799250000000        3.90632791666667      -0.730960336194666     
   5.40799250000000        4.20666083333333      -0.702862910894329     
   5.40799250000000        4.50699375000000      -0.676471212470599     
   5.40799250000000        4.80732666666667      -0.653662970115146     
   5.40799250000000        5.10765958333333      -0.635201355896636     
   5.40799250000000        5.40799250000000      -0.620755655249324     
   5.40799250000000        5.70832541666667      -0.609387634952000     
   5.40799250000000        6.00865833333333      -0.599972009727022     
   5.40799250000000        6.30899125000000      -0.591128425660751     
   5.40799250000000        6.60932416666667      -0.581398048119583     
   5.40799250000000        6.90965708333333      -0.569151214554450     
   5.40799250000000        7.20999000000000      -0.552786534540116     
   5.70832541666667       2.000000000000000E-003 -0.900668142362224     
   5.70832541666667       0.302332916666667      -0.919079229808929     
   5.70832541666667       0.602665833333333      -0.924214122809449     
   5.70832541666667       0.902998750000000      -0.920272599751221     
   5.70832541666667        1.20333166666667      -0.909670532013977     
   5.70832541666667        1.50366458333333      -0.893738721557456     
   5.70832541666667        1.80399750000000      -0.874709048291317     
   5.70832541666667        2.10433041666667      -0.855708861881073     
   5.70832541666667        2.40466333333333      -0.837975723097497     
   5.70832541666667        2.70499625000000      -0.821646498605291     
   5.70832541666667        3.00532916666667      -0.805620163548110     
   5.70832541666667        3.30566208333333      -0.787644061812515     
   5.70832541666667        3.60599500000000      -0.765434570982725     
   5.70832541666667        3.90632791666667      -0.738571728852801     
   5.70832541666667        4.20666083333333      -0.709300124896212     
   5.70832541666667        4.50699375000000      -0.681069076566848     
   5.70832541666667        4.80732666666667      -0.656522211023137     
   5.70832541666667        5.10765958333333      -0.636709000379211     
   5.70832541666667        5.40799250000000      -0.621409088472024     
   5.70832541666667        5.70832541666667      -0.609739998982821     
   5.70832541666667        6.00865833333333      -0.600259376386326     
   5.70832541666667        6.30899125000000      -0.591641427379624     
   5.70832541666667        6.60932416666667      -0.582629291158860     
   5.70832541666667        6.90965708333333      -0.571385525808216     
   5.70832541666667        7.20999000000000      -0.555508248213421     
   6.00865833333333       2.000000000000000E-003 -0.903443113956206     
   6.00865833333333       0.302332916666667      -0.915498302533476     
   6.00865833333333       0.602665833333333      -0.911383496632433     
   6.00865833333333       0.902998750000000      -0.901383839583567     
   6.00865833333333        1.20333166666667      -0.888111624318435     
   6.00865833333333        1.50366458333333      -0.871886287956802     
   6.00865833333333        1.80399750000000      -0.854251683807217     
   6.00865833333333        2.10433041666667      -0.838242215422697     
   6.00865833333333        2.40466333333333      -0.826118626956407     
   6.00865833333333        2.70499625000000      -0.817589172267333     
   6.00865833333333        3.00532916666667      -0.810875728607541     
   6.00865833333333        3.30566208333333      -0.801726677136646     
   6.00865833333333        3.60599500000000      -0.784177131063454     
   6.00865833333333        3.90632791666667      -0.756382074206507     
   6.00865833333333        4.20666083333333      -0.722442047163875     
   6.00865833333333        4.50699375000000      -0.689308266692335     
   6.00865833333333        4.80732666666667      -0.661104432214701     
   6.00865833333333        5.10765958333333      -0.639010022194427     
   6.00865833333333        5.40799250000000      -0.622678348479282     
   6.00865833333333        5.70832541666667      -0.610808568970056     
   6.00865833333333        6.00865833333333      -0.601764712300705     
   6.00865833333333        6.30899125000000      -0.594349278959117     
   6.00865833333333        6.60932416666667      -0.587641276121966     
   6.00865833333333        6.90965708333333      -0.579631141206791     
   6.00865833333333        7.20999000000000      -0.565554310450813     
   6.30899125000000       2.000000000000000E-003 -0.926940525024026     
   6.30899125000000       0.302332916666667      -0.925317877385408     
   6.30899125000000       0.602665833333333      -0.905386139223047     
   6.30899125000000       0.902998750000000      -0.887950493881093     
   6.30899125000000        1.20333166666667      -0.871117735700617     
   6.30899125000000        1.50366458333333      -0.853340874788913     
   6.30899125000000        1.80399750000000      -0.836395054425061     
   6.30899125000000        2.10433041666667      -0.823123512623837     
   6.30899125000000        2.40466333333333      -0.816692406717876     
   6.30899125000000        2.70499625000000      -0.818154300055315     
   6.30899125000000        3.00532916666667      -0.824690048558703     
   6.30899125000000        3.30566208333333      -0.826878305843327     
   6.30899125000000        3.60599500000000      -0.814742756299960     
   6.30899125000000        3.90632791666667      -0.784700705130475     
   6.30899125000000        4.20666083333333      -0.743136126586131     
   6.30899125000000        4.50699375000000      -0.700848566373615     
   6.30899125000000        4.80732666666667      -0.666191236034944     
   6.30899125000000        5.10765958333333      -0.640743260917774     
   6.30899125000000        5.40799250000000      -0.623090346983738     
   6.30899125000000        5.70832541666667      -0.611247085686787     
   6.30899125000000        6.00865833333333      -0.603368460827222     
   6.30899125000000        6.30899125000000      -0.598073752814400     
   6.30899125000000        6.60932416666667      -0.594934919790083     
   6.30899125000000        6.90965708333333      -0.593215981512583     
   6.30899125000000        7.20999000000000      -0.583989097560896     
   6.60932416666667       2.000000000000000E-003 -0.964090312599254     
   6.60932416666667       0.302332916666667      -0.936175230055386     
   6.60932416666667       0.602665833333333      -0.900749898640531     
   6.60932416666667       0.902998750000000      -0.878401994298976     
   6.60932416666667        1.20333166666667      -0.856218117163102     
   6.60932416666667        1.50366458333333      -0.834825544308294     
   6.60932416666667        1.80399750000000      -0.817378615029361     
   6.60932416666667        2.10433041666667      -0.806792171785863     
   6.60932416666667        2.40466333333333      -0.806374568384491     
   6.60932416666667        2.70499625000000      -0.818774700652281     
   6.60932416666667        3.00532916666667      -0.838106394245569     
   6.60932416666667        3.30566208333333      -0.852445664924724     
   6.60932416666667        3.60599500000000      -0.846203975723532     
   6.60932416666667        3.90632791666667      -0.813271099367172     
   6.60932416666667        4.20666083333333      -0.763073906359493     
   6.60932416666667        4.50699375000000      -0.711554408063166     
   6.60932416666667        4.80732666666667      -0.669221033511971     
   6.60932416666667        5.10765958333333      -0.639848841636813     
   6.60932416666667        5.40799250000000      -0.620896062456021     
   6.60932416666667        5.70832541666667      -0.609685394142016     
   6.60932416666667        6.00865833333333      -0.604223861431524     
   6.60932416666667        6.30899125000000      -0.602663366995458     
   6.60932416666667        6.60932416666667      -0.603482175852280     
   6.60932416666667        6.90965708333333      -0.608846938433730     
   6.60932416666667        7.20999000000000      -0.609393004694528     
   6.90965708333333       2.000000000000000E-003 -0.970461774088990     
   6.90965708333333       0.302332916666667      -0.933084278466327     
   6.90965708333333       0.602665833333333      -0.906773083776513     
   6.90965708333333       0.902998750000000      -0.874012929038884     
   6.90965708333333        1.20333166666667      -0.840214912098076     
   6.90965708333333        1.50366458333333      -0.812916252269189     
   6.90965708333333        1.80399750000000      -0.794253125098422     
   6.90965708333333        2.10433041666667      -0.785750023414149     
   6.90965708333333        2.40466333333333      -0.790637945644588     
   6.90965708333333        2.70499625000000      -0.810668921576222     
   6.90965708333333        3.00532916666667      -0.839039431873187     
   6.90965708333333        3.30566208333333      -0.860449791602753     
   6.90965708333333        3.60599500000000      -0.858396748832052     
   6.90965708333333        3.90632791666667      -0.824929437375338     
   6.90965708333333        4.20666083333333      -0.770993220911680     
   6.90965708333333        4.50699375000000      -0.713623090369735     
   6.90965708333333        4.80732666666667      -0.666288743942081     
   6.90965708333333        5.10765958333333      -0.633872372832439     
   6.90965708333333        5.40799250000000      -0.614242960760736     
   6.90965708333333        5.70832541666667      -0.604274640358048     
   6.90965708333333        6.00865833333333      -0.602501881489010     
   6.90965708333333        6.30899125000000      -0.607817058356983     
   6.90965708333333        6.60932416666667      -0.616213137432943     
   6.90965708333333        6.90965708333333      -0.620160920337720     
   6.90965708333333        7.20999000000000      -0.623770710821767     
   7.20999000000000       2.000000000000000E-003 -0.932078343616871     
   7.20999000000000       0.302332916666667      -0.945289692150928     
   7.20999000000000       0.602665833333333      -0.914097785480126     
   7.20999000000000       0.902998750000000      -0.858734916169655     
   7.20999000000000        1.20333166666667      -0.814122503190715     
   7.20999000000000        1.50366458333333      -0.783477988421506     
   7.20999000000000        1.80399750000000      -0.764753807537002     
   7.20999000000000        2.10433041666667      -0.757862297508529     
   7.20999000000000        2.40466333333333      -0.765367993696427     
   7.20999000000000        2.70499625000000      -0.788264326299637     
   7.20999000000000        3.00532916666667      -0.819262353653285     
   7.20999000000000        3.30566208333333      -0.841926306465443     
   7.20999000000000        3.60599500000000      -0.853576482690756     
   7.20999000000000        3.90632791666667      -0.810882508586284     
   7.20999000000000        4.20666083333333      -0.758683888504812     
   7.20999000000000        4.50699375000000      -0.701482782899551     
   7.20999000000000        4.80732666666667      -0.653639566628969     
   7.20999000000000        5.10765958333333      -0.620835117993127     
   7.20999000000000        5.40799250000000      -0.601534254989273     
   7.20999000000000        5.70832541666667      -0.592697567491557     
   7.20999000000000        6.00865833333333      -0.593476186333351     
   7.20999000000000        6.30899125000000      -0.604501361755375     
   7.20999000000000        6.60932416666667      -0.623614866839260     
   7.20999000000000        6.90965708333333      -0.630696181289414     
   7.20999000000000        7.20999000000000      -0.615228251898602     
