  2.000000000000000E-003  2.000000000000000E-003 -0.736954763949457     
  2.000000000000000E-003  0.302332916666667      -0.754614085950496     
  2.000000000000000E-003  0.602665833333333      -0.739713990091199     
  2.000000000000000E-003  0.902998750000000      -0.705726475951670     
  2.000000000000000E-003   1.20333166666667      -0.681104561494537     
  2.000000000000000E-003   1.50366458333333      -0.669088266842324     
  2.000000000000000E-003   1.80399750000000      -0.668662230130495     
  2.000000000000000E-003   2.10433041666667      -0.680521204010656     
  2.000000000000000E-003   2.40466333333333      -0.708060029221736     
  2.000000000000000E-003   2.70499625000000      -0.752452017873590     
  2.000000000000000E-003   3.00532916666667      -0.805337702538558     
  2.000000000000000E-003   3.30566208333333      -0.847537519310259     
  2.000000000000000E-003   3.60599500000000      -0.875579270808955     
  2.000000000000000E-003   3.90632791666667      -0.847494842269772     
  2.000000000000000E-003   4.20666083333333      -0.805265366369844     
  2.000000000000000E-003   4.50699375000000      -0.752383754040008     
  2.000000000000000E-003   4.80732666666667      -0.708006410123416     
  2.000000000000000E-003   5.10765958333333      -0.680476830235897     
  2.000000000000000E-003   5.40799250000000      -0.668617355113744     
  2.000000000000000E-003   5.70832541666667      -0.669041083029030     
  2.000000000000000E-003   6.00865833333333      -0.681061766137427     
  2.000000000000000E-003   6.30899125000000      -0.705705551482479     
  2.000000000000000E-003   6.60932416666667      -0.739724695264397     
  2.000000000000000E-003   6.90965708333333      -0.754564269545873     
  2.000000000000000E-003   7.20999000000000      -0.736798669217046     
  0.302332916666667       2.000000000000000E-003 -0.754612987833394     
  0.302332916666667       0.302332916666667      -0.738443602658166     
  0.302332916666667       0.602665833333333      -0.728727689456124     
  0.302332916666667       0.902998750000000      -0.711818136486719     
  0.302332916666667        1.20333166666667      -0.695804909671939     
  0.302332916666667        1.50366458333333      -0.687182625834661     
  0.302332916666667        1.80399750000000      -0.687880668552895     
  0.302332916666667        2.10433041666667      -0.699621654530292     
  0.302332916666667        2.40466333333333      -0.725940518374352     
  0.302332916666667        2.70499625000000      -0.768523361337196     
  0.302332916666667        3.00532916666667      -0.819425737633936     
  0.302332916666667        3.30566208333333      -0.860959631311383     
  0.302332916666667        3.60599500000000      -0.876500415136202     
  0.302332916666667        3.90632791666667      -0.860764825540657     
  0.302332916666667        4.20666083333333      -0.819216012740964     
  0.302332916666667        4.50699375000000      -0.768372340219523     
  0.302332916666667        4.80732666666667      -0.725851502438552     
  0.302332916666667        5.10765958333333      -0.699572706373389     
  0.302332916666667        5.40799250000000      -0.687848214290490     
  0.302332916666667        5.70832541666667      -0.687154214231361     
  0.302332916666667        6.00865833333333      -0.695776077670661     
  0.302332916666667        6.30899125000000      -0.711795275091491     
  0.302332916666667        6.60932416666667      -0.728719100201787     
  0.302332916666667        6.90965708333333      -0.738412531923507     
  0.302332916666667        7.20999000000000      -0.754562496905514     
  0.602665833333333       2.000000000000000E-003 -0.739710780951881     
  0.602665833333333       0.302332916666667      -0.728725421658622     
  0.602665833333333       0.602665833333333      -0.713871084598456     
  0.602665833333333       0.902998750000000      -0.706917981724755     
  0.602665833333333        1.20333166666667      -0.700890106376461     
  0.602665833333333        1.50366458333333      -0.697686859012698     
  0.602665833333333        1.80399750000000      -0.700208607563775     
  0.602665833333333        2.10433041666667      -0.711035386382018     
  0.602665833333333        2.40466333333333      -0.733154653366195     
  0.602665833333333        2.70499625000000      -0.768859113687079     
  0.602665833333333        3.00532916666667      -0.811282400564416     
  0.602665833333333        3.30566208333333      -0.847140981648423     
  0.602665833333333        3.60599500000000      -0.861037323060828     
  0.602665833333333        3.90632791666667      -0.846964076555945     
  0.602665833333333        4.20666083333333      -0.811068101867491     
  0.602665833333333        4.50699375000000      -0.768697595438598     
  0.602665833333333        4.80732666666667      -0.733063722339250     
  0.602665833333333        5.10765958333333      -0.710993249302005     
  0.602665833333333        5.40799250000000      -0.700193290103730     
  0.602665833333333        5.70832541666667      -0.697679256715988     
  0.602665833333333        6.00865833333333      -0.700875150641072     
  0.602665833333333        6.30899125000000      -0.706889232546362     
  0.602665833333333        6.60932416666667      -0.713838345979291     
  0.602665833333333        6.90965708333333      -0.728716120453047     
  0.602665833333333        7.20999000000000      -0.739722332666631     
  0.902998750000000       2.000000000000000E-003 -0.705720941744148     
  0.902998750000000       0.302332916666667      -0.711812888063574     
  0.902998750000000       0.602665833333333      -0.706914473582825     
  0.902998750000000       0.902998750000000      -0.704333769856585     
  0.902998750000000        1.20333166666667      -0.703338097304184     
  0.902998750000000        1.50366458333333      -0.703827603067519     
  0.902998750000000        1.80399750000000      -0.707687901795308     
  0.902998750000000        2.10433041666667      -0.717235503719014     
  0.902998750000000        2.40466333333333      -0.734770648338352     
  0.902998750000000        2.70499625000000      -0.761031189258749     
  0.902998750000000        3.00532916666667      -0.792498369059045     
  0.902998750000000        3.30566208333333      -0.818655954287727     
  0.902998750000000        3.60599500000000      -0.828882307168369     
  0.902998750000000        3.90632791666667      -0.818544186511192     
  0.902998750000000        4.20666083333333      -0.792349588198006     
  0.902998750000000        4.50699375000000      -0.760913408862617     
  0.902998750000000        4.80732666666667      -0.734701195817782     
  0.902998750000000        5.10765958333333      -0.717208237935133     
  0.902998750000000        5.40799250000000      -0.707691978013243     
  0.902998750000000        5.70832541666667      -0.703842607216955     
  0.902998750000000        6.00865833333333      -0.703344220667383     
  0.902998750000000        6.30899125000000      -0.704319519810153     
  0.902998750000000        6.60932416666667      -0.706885701348224     
  0.902998750000000        6.90965708333333      -0.711790261772458     
  0.902998750000000        7.20999000000000      -0.705701308744057     
   1.20333166666667       2.000000000000000E-003 -0.681095927211522     
   1.20333166666667       0.302332916666667      -0.695796042526394     
   1.20333166666667       0.602665833333333      -0.700882588432953     
   1.20333166666667       0.902998750000000      -0.703333909585383     
   1.20333166666667        1.20333166666667      -0.705386400494782     
   1.20333166666667        1.50366458333333      -0.707930861631412     
   1.20333166666667        1.80399750000000      -0.712489909978193     
   1.20333166666667        2.10433041666667      -0.721188374804900     
   1.20333166666667        2.40466333333333      -0.735297024101143     
   1.20333166666667        2.70499625000000      -0.753985091338676     
   1.20333166666667        3.00532916666667      -0.774675236785492     
   1.20333166666667        3.30566208333333      -0.792050357382599     
   1.20333166666667        3.60599500000000      -0.798865956255321     
   1.20333166666667        3.90632791666667      -0.791990915164790     
   1.20333166666667        4.20666083333333      -0.774592174000302     
   1.20333166666667        4.50699375000000      -0.753913413528168     
   1.20333166666667        4.80732666666667      -0.735254169320498     
   1.20333166666667        5.10765958333333      -0.721178301118608     
   1.20333166666667        5.40799250000000      -0.712509051346931     
   1.20333166666667        5.70832541666667      -0.707963521011919     
   1.20333166666667        6.00865833333333      -0.705412497135001     
   1.20333166666667        6.30899125000000      -0.703340060797373     
   1.20333166666667        6.60932416666667      -0.700867784546209     
   1.20333166666667        6.90965708333333      -0.695767774184423     
   1.20333166666667        7.20999000000000      -0.681054303217703     
   1.50366458333333       2.000000000000000E-003 -0.669076037315173     
   1.50366458333333       0.302332916666667      -0.687169923683909     
   1.50366458333333       0.602665833333333      -0.697675594308505     
   1.50366458333333       0.902998750000000      -0.703819890197413     
   1.50366458333333        1.20333166666667      -0.707927592277032     
   1.50366458333333        1.50366458333333      -0.711616400794588     
   1.50366458333333        1.80399750000000      -0.716738629869552     
   1.50366458333333        2.10433041666667      -0.725221404654104     
   1.50366458333333        2.40466333333333      -0.737224910918066     
   1.50366458333333        2.70499625000000      -0.751683342407501     
   1.50366458333333        3.00532916666667      -0.766234337448181     
   1.50366458333333        3.30566208333333      -0.777375923771008     
   1.50366458333333        3.60599500000000      -0.781591951656345     
   1.50366458333333        3.90632791666667      -0.777344950996085     
   1.50366458333333        4.20666083333333      -0.766188454423238     
   1.50366458333333        4.50699375000000      -0.751642947751726     
   1.50366458333333        4.80732666666667      -0.737204208769516     
   1.50366458333333        5.10765958333333      -0.725224960705509     
   1.50366458333333        5.40799250000000      -0.716763086396767     
   1.50366458333333        5.70832541666667      -0.711653134861986     
   1.50366458333333        6.00865833333333      -0.707960194493003     
   1.50366458333333        6.30899125000000      -0.703834858426887     
   1.50366458333333        6.60932416666667      -0.697668106405934     
   1.50366458333333        6.90965708333333      -0.687141897459065     
   1.50366458333333        7.20999000000000      -0.669029611897675     
   1.80399750000000       2.000000000000000E-003 -0.668646276436535     
   1.80399750000000       0.302332916666667      -0.687864372944564     
   1.80399750000000       0.602665833333333      -0.700194568680574     
   1.80399750000000       0.902998750000000      -0.707678474263941     
   1.80399750000000        1.20333166666667      -0.712485907481864     
   1.80399750000000        1.50366458333333      -0.716738396446905     
   1.80399750000000        1.80399750000000      -0.722516908921327     
   1.80399750000000        2.10433041666667      -0.730761320628226     
   1.80399750000000        2.40466333333333      -0.741470609268038     
   1.80399750000000        2.70499625000000      -0.753643345417833     
   1.80399750000000        3.00532916666667      -0.765286011406940     
   1.80399750000000        3.30566208333333      -0.773816371269650     
   1.80399750000000        3.60599500000000      -0.776959714003688     
   1.80399750000000        3.90632791666667      -0.773799281583575     
   1.80399750000000        4.20666083333333      -0.765260942210738     
   1.80399750000000        4.50699375000000      -0.753622894685245     
   1.80399750000000        4.80732666666667      -0.741464098836788     
   1.80399750000000        5.10765958333333      -0.730770956171765     
   1.80399750000000        5.40799250000000      -0.722538030106939     
   1.80399750000000        5.70832541666667      -0.716762711771735     
   1.80399750000000        6.00865833333333      -0.712504819813424     
   1.80399750000000        6.30899125000000      -0.707682297671035     
   1.80399750000000        6.60932416666667      -0.700179050779126     
   1.80399750000000        6.90965708333333      -0.687831886823973     
   1.80399750000000        7.20999000000000      -0.668601637163172     
   2.10433041666667       2.000000000000000E-003 -0.680501452098622     
   2.10433041666667       0.302332916666667      -0.699602156509642     
   2.10433041666667       0.602665833333333      -0.711019770748238     
   2.10433041666667       0.902998750000000      -0.717226672223137     
   2.10433041666667        1.20333166666667      -0.721186499091931     
   2.10433041666667        1.50366458333333      -0.725223983467191     
   2.10433041666667        1.80399750000000      -0.730764436741330     
   2.10433041666667        2.10433041666667      -0.738436114401865     
   2.10433041666667        2.40466333333333      -0.748107007630282     
   2.10433041666667        2.70499625000000      -0.758819152010173     
   2.10433041666667        3.00532916666667      -0.768840201432044     
   2.10433041666667        3.30566208333333      -0.776054989684258     
   2.10433041666667        3.60599500000000      -0.778688559151316     
   2.10433041666667        3.90632791666667      -0.776045850011555     
   2.10433041666667        4.20666083333333      -0.768827311473609     
   2.10433041666667        4.50699375000000      -0.758809892974197     
   2.10433041666667        4.80732666666667      -0.748106255541033     
   2.10433041666667        5.10765958333333      -0.738443359084601     
   2.10433041666667        5.40799250000000      -0.730773882949914     
   2.10433041666667        5.70832541666667      -0.725227179701640     
   2.10433041666667        6.00865833333333      -0.721175909311204     
   2.10433041666667        6.30899125000000      -0.717198755204101     
   2.10433041666667        6.60932416666667      -0.710976902436540     
   2.10433041666667        6.90965708333333      -0.699552534697612     
   2.10433041666667        7.20999000000000      -0.680456641831417     
   2.40466333333333       2.000000000000000E-003 -0.708035757632903     
   2.40466333333333       0.302332916666667      -0.725917034322271     
   2.40466333333333       0.602665833333333      -0.733137119786783     
   2.40466333333333       0.902998750000000      -0.734762499700429     
   2.40466333333333        1.20333166666667      -0.735298178764662     
   2.40466333333333        1.50366458333333      -0.737232039522459     
   2.40466333333333        1.80399750000000      -0.741478878879056     
   2.40466333333333        2.10433041666667      -0.748112201133239     
   2.40466333333333        2.40466333333333      -0.756670301913039     
   2.40466333333333        2.70499625000000      -0.766135363831308     
   2.40466333333333        3.00532916666667      -0.774935238394086     
   2.40466333333333        3.30566208333333      -0.781236862485572     
   2.40466333333333        3.60599500000000      -0.783531325311590     
   2.40466333333333        3.90632791666667      -0.781232279803524     
   2.40466333333333        4.20666083333333      -0.774928901399253     
   2.40466333333333        4.50699375000000      -0.766130796263942     
   2.40466333333333        4.80732666666667      -0.756668858592489     
   2.40466333333333        5.10765958333333      -0.748111247122087     
   2.40466333333333        5.40799250000000      -0.741471963112770     
   2.40466333333333        5.70832541666667      -0.737210711354801     
   2.40466333333333        6.00865833333333      -0.735254429017551     
   2.40466333333333        6.30899125000000      -0.734691822313584     
   2.40466333333333        6.60932416666667      -0.733044635207186     
   2.40466333333333        6.90965708333333      -0.725826330844313     
   2.40466333333333        7.20999000000000      -0.707980761912386     
   2.70499625000000       2.000000000000000E-003 -0.752421049243545     
   2.70499625000000       0.302332916666667      -0.768492424869439     
   2.70499625000000       0.602665833333333      -0.768835545695108     
   2.70499625000000       0.902998750000000      -0.761021255418901     
   2.70499625000000        1.20333166666667      -0.753988579387978     
   2.70499625000000        1.50366458333333      -0.751695155170158     
   2.70499625000000        1.80399750000000      -0.753657068301861     
   2.70499625000000        2.10433041666667      -0.758829653276936     
   2.70499625000000        2.40466333333333      -0.766140351811378     
   2.70499625000000        2.70499625000000      -0.774382094990837     
   2.70499625000000        3.00532916666667      -0.782067628925850     
   2.70499625000000        3.30566208333333      -0.787570875591828     
   2.70499625000000        3.60599500000000      -0.789574709526046     
   2.70499625000000        3.90632791666667      -0.787568651881322     
   2.70499625000000        4.20666083333333      -0.782064259393927     
   2.70499625000000        4.50699375000000      -0.774378487264543     
   2.70499625000000        4.80732666666667      -0.766135593205943     
   2.70499625000000        5.10765958333333      -0.758820002686441     
   2.70499625000000        5.40799250000000      -0.753636007919706     
   2.70499625000000        5.70832541666667      -0.751653869889438     
   2.70499625000000        6.00865833333333      -0.753915587576036     
   2.70499625000000        6.30899125000000      -0.760901509517928     
   2.70499625000000        6.60932416666667      -0.768671531391603     
   2.70499625000000        6.90965708333333      -0.768338708208055     
   2.70499625000000        7.20999000000000      -0.752350532997078     
   3.00532916666667       2.000000000000000E-003 -0.805297118157132     
   3.00532916666667       0.302332916666667      -0.819382435245924     
   3.00532916666667       0.602665833333333      -0.811247216602310     
   3.00532916666667       0.902998750000000      -0.792482504799537     
   3.00532916666667        1.20333166666667      -0.774679019415582     
   3.00532916666667        1.50366458333333      -0.766249628912666     
   3.00532916666667        1.80399750000000      -0.765304073677320     
   3.00532916666667        2.10433041666667      -0.768854716494027     
   3.00532916666667        2.40466333333333      -0.774943605513142     
   3.00532916666667        2.70499625000000      -0.782070618212937     
   3.00532916666667        3.00532916666667      -0.788774272738205     
   3.00532916666667        3.30566208333333      -0.793585465719857     
   3.00532916666667        3.60599500000000      -0.795338910022836     
   3.00532916666667        3.90632791666667      -0.793584341126513     
   3.00532916666667        4.20666083333333      -0.788772142711640     
   3.00532916666667        4.50699375000000      -0.782067082766413     
   3.00532916666667        4.80732666666667      -0.774936921816759     
   3.00532916666667        5.10765958333333      -0.768841291364009     
   3.00532916666667        5.40799250000000      -0.765278248842566     
   3.00532916666667        5.70832541666667      -0.766202661442375     
   3.00532916666667        6.00865833333333      -0.774594285167808     
   3.00532916666667        6.30899125000000      -0.792331325505551     
   3.00532916666667        6.60932416666667      -0.811030016383822     
   3.00532916666667        6.90965708333333      -0.819169861907454     
   3.00532916666667        7.20999000000000      -0.805222294111892     
   3.30566208333333       2.000000000000000E-003 -0.847486718344250     
   3.30566208333333       0.302332916666667      -0.860900155058032     
   3.30566208333333       0.602665833333333      -0.847090311743016     
   3.30566208333333       0.902998750000000      -0.818631931299975     
   3.30566208333333        1.20333166666667      -0.792052531146970     
   3.30566208333333        1.50366458333333      -0.777393009170231     
   3.30566208333333        1.80399750000000      -0.773837015094202     
   3.30566208333333        2.10433041666667      -0.776071764794264     
   3.30566208333333        2.40466333333333      -0.781246853795729     
   3.30566208333333        2.70499625000000      -0.787574996381135     
   3.30566208333333        3.00532916666667      -0.793586396753252     
   3.30566208333333        3.30566208333333      -0.797912599009376     
   3.30566208333333        3.60599500000000      -0.799490859796535     
   3.30566208333333        3.90632791666667      -0.797912042655918     
   3.30566208333333        4.20666083333333      -0.793585135688063     
   3.30566208333333        4.50699375000000      -0.787572483184212     
   3.30566208333333        4.80732666666667      -0.781241823320001     
   3.30566208333333        5.10765958333333      -0.776062015012857     
   3.30566208333333        5.40799250000000      -0.773819116245835     
   3.30566208333333        5.70832541666667      -0.777360899357205     
   3.30566208333333        6.00865833333333      -0.791991309767044     
   3.30566208333333        6.30899125000000      -0.818517868052892     
   3.30566208333333        6.60932416666667      -0.846910792663184     
   3.30566208333333        6.90965708333333      -0.860703016742072     
   3.30566208333333        7.20999000000000      -0.847442529638526     
   3.60599500000000       2.000000000000000E-003 -0.875529093605568     
   3.60599500000000       0.302332916666667      -0.876432001347005     
   3.60599500000000       0.602665833333333      -0.860978508737288     
   3.60599500000000       0.902998750000000      -0.828854214335129     
   3.60599500000000        1.20333166666667      -0.798867088483877     
   3.60599500000000        1.50366458333333      -0.781609513861546     
   3.60599500000000        1.80399750000000      -0.776981167454424     
   3.60599500000000        2.10433041666667      -0.778706009534016     
   3.60599500000000        2.40466333333333      -0.783541724205482     
   3.60599500000000        2.70499625000000      -0.789579016291908     
   3.60599500000000        3.00532916666667      -0.795339914425782     
   3.60599500000000        3.30566208333333      -0.799490904690984     
   3.60599500000000        3.60599500000000      -0.801005955462300     
   3.60599500000000        3.90632791666667      -0.799490788181969     
   3.60599500000000        4.20666083333333      -0.795339674221846     
   3.60599500000000        4.50699375000000      -0.789578646692217     
   3.60599500000000        4.80732666666667      -0.783541227621495     
   3.60599500000000        5.10765958333333      -0.778705388345290     
   3.60599500000000        5.40799250000000      -0.776980395509955     
   3.60599500000000        5.70832541666667      -0.781608487952671     
   3.60599500000000        6.00865833333333      -0.798865659771791     
   3.60599500000000        6.30899125000000      -0.828852566873504     
   3.60599500000000        6.60932416666667      -0.860976991216974     
   3.60599500000000        6.90965708333333      -0.876431131880960     
   3.60599500000000        7.20999000000000      -0.875528922056142     
   3.90632791666667       2.000000000000000E-003 -0.847444032217409     
   3.90632791666667       0.302332916666667      -0.860705473854134     
   3.90632791666667       0.602665833333333      -0.846913583892630     
   3.90632791666667       0.902998750000000      -0.818520285536580     
   3.90632791666667        1.20333166666667      -0.791993117039641     
   3.90632791666667        1.50366458333333      -0.777361999871086     
   3.90632791666667        1.80399750000000      -0.773819863796925     
   3.90632791666667        2.10433041666667      -0.776062551470130     
   3.90632791666667        2.40466333333333      -0.781242190026502     
   3.90632791666667        2.70499625000000      -0.787572685554637     
   3.90632791666667        3.00532916666667      -0.793585179551148     
   3.90632791666667        3.30566208333333      -0.797911945628300     
   3.90632791666667        3.60599500000000      -0.799490644257390     
   3.90632791666667        3.90632791666667      -0.797912280569838     
   3.90632791666667        4.20666083333333      -0.793585980855645     
   3.90632791666667        4.50699375000000      -0.787574485288782     
   3.90632791666667        4.80732666666667      -0.781246255139656     
   3.90632791666667        5.10765958333333      -0.776071090191128     
   3.90632791666667        5.40799250000000      -0.773836265190720     
   3.90632791666667        5.70832541666667      -0.777392153936671     
   3.90632791666667        6.00865833333333      -0.792051516145360     
   3.90632791666667        6.30899125000000      -0.818631074753019     
   3.90632791666667        6.60932416666667      -0.847089976566343     
   3.90632791666667        6.90965708333333      -0.860900657988437     
   3.90632791666667        7.20999000000000      -0.847487953469525     
   4.20666083333333       2.000000000000000E-003 -0.805224703627618     
   4.20666083333333       0.302332916666667      -0.819172754321258     
   4.20666083333333       0.602665833333333      -0.811033051731165     
   4.20666083333333       0.902998750000000      -0.792333814539036     
   4.20666083333333        1.20333166666667      -0.774595932667202     
   4.20666083333333        1.50366458333333      -0.766203651171750     
   4.20666083333333        1.80399750000000      -0.765278874926074     
   4.20666083333333        2.10433041666667      -0.768841677263809     
   4.20666083333333        2.40466333333333      -0.774937105076328     
   4.20666083333333        2.70499625000000      -0.782067072321414     
   4.20666083333333        3.00532916666667      -0.788771953793115     
   4.20666083333333        3.30566208333333      -0.793584005117833     
   4.20666083333333        3.60599500000000      -0.795338464635897     
   4.20666083333333        3.90632791666667      -0.793584939897438     
   4.20666083333333        4.20666083333333      -0.788773680365613     
   4.20666083333333        4.50699375000000      -0.782069964639237     
   4.20666083333333        4.80732666666667      -0.774942899357910     
   4.20666083333333        5.10765958333333      -0.768853975765913     
   4.20666083333333        5.40799250000000      -0.765303322918483     
   4.20666083333333        5.70832541666667      -0.766248898611456     
   4.20666083333333        6.00865833333333      -0.774678377287496     
   4.20666083333333        6.30899125000000      -0.792482213266531     
   4.20666083333333        6.60932416666667      -0.811247609348830     
   4.20666083333333        6.90965708333333      -0.819383661024658     
   4.20666083333333        7.20999000000000      -0.805299255561355     
   4.50699375000000       2.000000000000000E-003 -0.752352624714916     
   4.50699375000000       0.302332916666667      -0.768341305591724     
   4.50699375000000       0.602665833333333      -0.768673989896618     
   4.50699375000000       0.902998750000000      -0.760903415079750     
   4.50699375000000        1.20333166666667      -0.753916779176380     
   4.50699375000000        1.50366458333333      -0.751654589299414     
   4.50699375000000        1.80399750000000      -0.753636414263420     
   4.50699375000000        2.10433041666667      -0.758820168210587     
   4.50699375000000        2.40466333333333      -0.766135538239372     
   4.50699375000000        2.70499625000000      -0.774378220388009     
   4.50699375000000        3.00532916666667      -0.782063804774941     
   4.50699375000000        3.30566208333333      -0.787568054129036     
   4.50699375000000        3.60599500000000      -0.789574019570165     
   4.50699375000000        3.90632791666667      -0.787570131967664     
   4.50699375000000        4.20666083333333      -0.782066849379621     
   4.50699375000000        4.50699375000000      -0.774381283425389     
   4.50699375000000        4.80732666666667      -0.766139513547177     
   4.50699375000000        5.10765958333333      -0.758828807183640     
   4.50699375000000        5.40799250000000      -0.753656250935955     
   4.50699375000000        5.70832541666667      -0.751694424604940     
   4.50699375000000        6.00865833333333      -0.753988036141522     
   4.50699375000000        6.30899125000000      -0.761021093701072     
   4.50699375000000        6.60932416666667      -0.768836018802777     
   4.50699375000000        6.90965708333333      -0.768493692651187     
   4.50699375000000        7.20999000000000      -0.752423020042251     
   4.80732666666667       2.000000000000000E-003 -0.707981919940236     
   4.80732666666667       0.302332916666667      -0.725827811648478     
   4.80732666666667       0.602665833333333      -0.733046008668782     
   4.80732666666667       0.902998750000000      -0.734692857443389     
   4.80732666666667        1.20333166666667      -0.735255103391415     
   4.80732666666667        1.50366458333333      -0.737211085437757     
   4.80732666666667        1.80399750000000      -0.741472090593775     
   4.80732666666667        2.10433041666667      -0.748111148211759     
   4.80732666666667        2.40466333333333      -0.756668533165438     
   4.80732666666667        2.70499625000000      -0.766130250702678     
   4.80732666666667        3.00532916666667      -0.774928167498389     
   4.80732666666667        3.30566208333333      -0.781231413673879     
   4.80732666666667        3.60599500000000      -0.783530388595617     
   4.80732666666667        3.90632791666667      -0.781235900058007     
   4.80732666666667        4.20666083333333      -0.774934268209706     
   4.80732666666667        4.50699375000000      -0.766134384708006     
   4.80732666666667        4.80732666666667      -0.756669311926915     
   4.80732666666667        5.10765958333333      -0.748111213772111     
   4.80732666666667        5.40799250000000      -0.741477929922084     
   4.80732666666667        5.70832541666667      -0.737231188688795     
   4.80732666666667        6.00865833333333      -0.735297515816543     
   4.80732666666667        6.30899125000000      -0.734762155515227     
   4.80732666666667        6.60932416666667      -0.733137256250158     
   4.80732666666667        6.90965708333333      -0.725917766455719     
   4.80732666666667        7.20999000000000      -0.708037002843659     
   5.10765958333333       2.000000000000000E-003 -0.680456864326124     
   5.10765958333333       0.302332916666667      -0.699552965939034     
   5.10765958333333       0.602665833333333      -0.710977371592984     
   5.10765958333333       0.902998750000000      -0.717199120751812     
   5.10765958333333        1.20333166666667      -0.721176116703556     
   5.10765958333333        1.50366458333333      -0.725227209618108     
   5.10765958333333        1.80399750000000      -0.730773722574034     
   5.10765958333333        2.10433041666667      -0.738442988084158     
   5.10765958333333        2.40466333333333      -0.748105655443331     
   5.10765958333333        2.70499625000000      -0.758809067064456     
   5.10765958333333        3.00532916666667      -0.768826297985666     
   5.10765958333333        3.30566208333333      -0.776044716750398     
   5.10765958333333        3.60599500000000      -0.778687380024372     
   5.10765958333333        3.90632791666667      -0.776053816864647     
   5.10765958333333        4.20666083333333      -0.768839051637172     
   5.10765958333333        4.50699375000000      -0.758818015225067     
   5.10765958333333        4.80732666666667      -0.748105869424031     
   5.10765958333333        5.10765958333333      -0.738434975388200     
   5.10765958333333        5.40799250000000      -0.730763320007965     
   5.10765958333333        5.70832541666667      -0.725222933510523     
   5.10765958333333        6.00865833333333      -0.721185581989368     
   5.10765958333333        6.30899125000000      -0.717225979808348     
   5.10765958333333        6.60932416666667      -0.711019426193009     
   5.10765958333333        6.90965708333333      -0.699602226807863     
   5.10765958333333        7.20999000000000      -0.680501927519887     
   5.40799250000000       2.000000000000000E-003 -0.668601117397196     
   5.40799250000000       0.302332916666667      -0.687831594661785     
   5.40799250000000       0.602665833333333      -0.700178896040846     
   5.40799250000000       0.902998750000000      -0.707682172486035     
   5.40799250000000        1.20333166666667      -0.712504653800519     
   5.40799250000000        1.50366458333333      -0.716762446149319     
   5.40799250000000        1.80399750000000      -0.722537611214229     
   5.40799250000000        2.10433041666667      -0.730770331249623     
   5.40799250000000        2.40466333333333      -0.741463231375839     
   5.40799250000000        2.70499625000000      -0.753621781670613     
   5.40799250000000        3.00532916666667      -0.765259627423288     
   5.40799250000000        3.30566208333333      -0.773797851682130     
   5.40799250000000        3.60599500000000      -0.776958269729969     
   5.40799250000000        3.90632791666667      -0.773814984537951     
   5.40799250000000        4.20666083333333      -0.765284699258146     
   5.40799250000000        4.50699375000000      -0.753642081004435     
   5.40799250000000        4.80732666666667      -0.741469354430425     
   5.40799250000000        5.10765958333333      -0.730760051285342     
   5.40799250000000        5.40799250000000      -0.722515621366637     
   5.40799250000000        5.70832541666667      -0.716737102716332     
   5.40799250000000        6.00865833333333      -0.712484666868100     
   5.40799250000000        6.30899125000000      -0.707677382313417     
   5.40799250000000        6.60932416666667      -0.700193743453995     
   5.40799250000000        6.90965708333333      -0.687863872201739     
   5.40799250000000        7.20999000000000      -0.668646128724948     
   5.70832541666667       2.000000000000000E-003 -0.669028527738628     
   5.70832541666667       0.302332916666667      -0.687141141592567     
   5.70832541666667       0.602665833333333      -0.697667581004894     
   5.70832541666667       0.902998750000000      -0.703834451428878     
   5.70832541666667        1.20333166666667      -0.707959784161145     
   5.70832541666667        1.50366458333333      -0.711652651626100     
   5.70832541666667        1.80399750000000      -0.716762458816176     
   5.70832541666667        2.10433041666667      -0.725224107151549     
   5.70832541666667        2.40466333333333      -0.737203067307263     
   5.70832541666667        2.70499625000000      -0.751641496785242     
   5.70832541666667        3.00532916666667      -0.766186737737312     
   5.70832541666667        3.30566208333333      -0.777343094127469     
   5.70832541666667        3.60599500000000      -0.781590130330615     
   5.70832541666667        3.90632791666667      -0.777374271360428     
   5.70832541666667        4.20666083333333      -0.766232873611151     
   5.70832541666667        4.50699375000000      -0.751681998052904     
   5.70832541666667        4.80732666666667      -0.737223597878302     
   5.70832541666667        5.10765958333333      -0.725220055030453     
   5.70832541666667        5.40799250000000      -0.716737194858132     
   5.70832541666667        5.70832541666667      -0.711614880281842     
   5.70832541666667        6.00865833333333      -0.707926086228370     
   5.70832541666667        6.30899125000000      -0.703818504206096     
   5.70832541666667        6.60932416666667      -0.697674318621841     
   5.70832541666667        6.90965708333333      -0.687168911395729     
   5.70832541666667        7.20999000000000      -0.669075392052375     
   6.00865833333333       2.000000000000000E-003 -0.681052765093557     
   6.00865833333333       0.302332916666667      -0.695766802411484     
   6.00865833333333       0.602665833333333      -0.700867195756462     
   6.00865833333333       0.902998750000000      -0.703339562191534     
   6.00865833333333        1.20333166666667      -0.705411987564692     
   6.00865833333333        1.50366458333333      -0.707962924626885     
   6.00865833333333        1.80399750000000      -0.712508273427832     
   6.00865833333333        2.10433041666667      -0.721177243168715     
   6.00865833333333        2.40466333333333      -0.735252721423319     
   6.00865833333333        2.70499625000000      -0.753911498822901     
   6.00865833333333        3.00532916666667      -0.774589799964910     
   6.00865833333333        3.30566208333333      -0.791988288445443     
   6.00865833333333        3.60599500000000      -0.798863560630534     
   6.00865833333333        3.90632791666667      -0.792048307198412     
   6.00865833333333        4.20666083333333      -0.774673636011223     
   6.00865833333333        4.50699375000000      -0.753983748307170     
   6.00865833333333        4.80732666666667      -0.735295744141555     
   6.00865833333333        5.10765958333333      -0.721187023443644     
   6.00865833333333        5.40799250000000      -0.712488408635292     
   6.00865833333333        5.70832541666667      -0.707929251848659     
   6.00865833333333        6.00865833333333      -0.705384771033497     
   6.00865833333333        6.30899125000000      -0.703332298866722     
   6.00865833333333        6.60932416666667      -0.700880992825373     
   6.00865833333333        6.90965708333333      -0.695794456130841     
   6.00865833333333        7.20999000000000      -0.681094798532274     
   6.30899125000000       2.000000000000000E-003 -0.705699474912735     
   6.30899125000000       0.302332916666667      -0.711789483050187     
   6.30899125000000       0.602665833333333      -0.706885250999731     
   6.30899125000000       0.902998750000000      -0.704319042459071     
   6.30899125000000        1.20333166666667      -0.703343715947252     
   6.30899125000000        1.50366458333333      -0.703841994371888     
   6.30899125000000        1.80399750000000      -0.707691134562720     
   6.30899125000000        2.10433041666667      -0.717207013641003     
   6.30899125000000        2.40466333333333      -0.734699408101470     
   6.30899125000000        2.70499625000000      -0.760910839253589     
   6.30899125000000        3.00532916666667      -0.792346448758162     
   6.30899125000000        3.30566208333333      -0.818540917561480     
   6.30899125000000        3.60599500000000      -0.828879494101723     
   6.30899125000000        3.90632791666667      -0.818653763023072     
   6.30899125000000        4.20666083333333      -0.792496832459279     
   6.30899125000000        4.50699375000000      -0.761030020459949     
   6.30899125000000        4.80732666666667      -0.734769542938879     
   6.30899125000000        5.10765958333333      -0.717234262331382     
   6.30899125000000        5.40799250000000      -0.707686468129496     
   6.30899125000000        5.70832541666667      -0.703826048851979     
   6.30899125000000        6.00865833333333      -0.703336419140465     
   6.30899125000000        6.30899125000000      -0.704332021455149     
   6.30899125000000        6.60932416666667      -0.706912560794485     
   6.30899125000000        6.90965708333333      -0.711810664235634     
   6.30899125000000        7.20999000000000      -0.705719293400709     
   6.60932416666667       2.000000000000000E-003 -0.739720588201552     
   6.60932416666667       0.302332916666667      -0.728716086189689     
   6.60932416666667       0.602665833333333      -0.713837907044022     
   6.60932416666667       0.902998750000000      -0.706888775071229     
   6.60932416666667        1.20333166666667      -0.700874765560542     
   6.60932416666667        1.50366458333333      -0.697678771327488     
   6.60932416666667        1.80399750000000      -0.700192480254581     
   6.60932416666667        2.10433041666667      -0.710991938119929     
   6.60932416666667        2.40466333333333      -0.733061636731299     
   6.60932416666667        2.70499625000000      -0.768694576669802     
   6.60932416666667        3.00532916666667      -0.811064531283659     
   6.60932416666667        3.30566208333333      -0.846960474344262     
   6.60932416666667        3.60599500000000      -0.861034528691151     
   6.60932416666667        3.90632791666667      -0.847139083898252     
   6.60932416666667        4.20666083333333      -0.811281337071309     
   6.60932416666667        4.50699375000000      -0.768858419324512     
   6.60932416666667        4.80732666666667      -0.733153916765464     
   6.60932416666667        5.10765958333333      -0.711034407505115     
   6.60932416666667        5.40799250000000      -0.700207393814337     
   6.60932416666667        5.70832541666667      -0.697685367923301     
   6.60932416666667        6.00865833333333      -0.700888374280803     
   6.60932416666667        6.30899125000000      -0.706915981784229     
   6.60932416666667        6.60932416666667      -0.713868997203860     
   6.60932416666667        6.90965708333333      -0.728722798230361     
   6.60932416666667        7.20999000000000      -0.739708712979934     
   6.90965708333333       2.000000000000000E-003 -0.754562364451373     
   6.90965708333333       0.302332916666667      -0.738412075954787     
   6.90965708333333       0.602665833333333      -0.728718263649596     
   6.90965708333333       0.902998750000000      -0.711795188931514     
   6.90965708333333        1.20333166666667      -0.695776120790607     
   6.90965708333333        1.50366458333333      -0.687154000300029     
   6.90965708333333        1.80399750000000      -0.687847581912610     
   6.90965708333333        2.10433041666667      -0.699571475917656     
   6.90965708333333        2.40466333333333      -0.725849343970248     
   6.90965708333333        2.70499625000000      -0.768369233918093     
   6.90965708333333        3.00532916666667      -0.819212622694378     
   6.90965708333333        3.30566208333333      -0.860761561666058     
   6.90965708333333        3.60599500000000      -0.876498228196199     
   6.90965708333333        3.90632791666667      -0.860958488406061     
   6.90965708333333        4.20666083333333      -0.819425405987857     
   6.90965708333333        4.50699375000000      -0.768523377199032     
   6.90965708333333        4.80732666666667      -0.725940320078726     
   6.90965708333333        5.10765958333333      -0.699621054059045     
   6.90965708333333        5.40799250000000      -0.687879760107268     
   6.90965708333333        5.70832541666667      -0.687181359625149     
   6.90965708333333        6.00865833333333      -0.695803106152894     
   6.90965708333333        6.30899125000000      -0.711815711149680     
   6.90965708333333        6.60932416666667      -0.728724952669234     
   6.90965708333333        6.90965708333333      -0.738441268261317     
   6.90965708333333        7.20999000000000      -0.754612368468186     
   7.20999000000000       2.000000000000000E-003 -0.736798301597181     
   7.20999000000000       0.302332916666667      -0.754563552826521     
   7.20999000000000       0.602665833333333      -0.739725611071807     
   7.20999000000000       0.902998750000000      -0.705706564717106     
   7.20999000000000        1.20333166666667      -0.681062441642620     
   7.20999000000000        1.50366458333333      -0.669041280330325     
   7.20999000000000        1.80399750000000      -0.668617036765874     
   7.20999000000000        2.10433041666667      -0.680475880477791     
   7.20999000000000        2.40466333333333      -0.708004605916158     
   7.20999000000000        2.70499625000000      -0.752381129319877     
   7.20999000000000        3.00532916666667      -0.805262402779537     
   7.20999000000000        3.30566208333333      -0.847492430104540     
   7.20999000000000        3.60599500000000      -0.875577725706512     
   7.20999000000000        3.90632791666667      -0.847537184057213     
   7.20999000000000        4.20666083333333      -0.805338264894909     
   7.20999000000000        4.50699375000000      -0.752452688883917     
   7.20999000000000        4.80732666666667      -0.708060333668069     
   7.20999000000000        5.10765958333333      -0.680521015858375     
   7.20999000000000        5.40799250000000      -0.668661685336854     
   7.20999000000000        5.70832541666667      -0.669087356581783     
   7.20999000000000        6.00865833333333      -0.681103166471710     
   7.20999000000000        6.30899125000000      -0.705724550805784     
   7.20999000000000        6.60932416666667      -0.739711761402943     
   7.20999000000000        6.90965708333333      -0.754613411496355     
   7.20999000000000        7.20999000000000      -0.736954292005772     
