  2.000000000000000E-003  2.000000000000000E-003  -1.71266665671403     
  2.000000000000000E-003  0.302332916666667       -1.69369582066981     
  2.000000000000000E-003  0.602665833333333       -1.56924075139036     
  2.000000000000000E-003  0.902998750000000       -1.38950355643899     
  2.000000000000000E-003   1.20333166666667       -1.24454327782233     
  2.000000000000000E-003   1.50366458333333       -1.13800236617907     
  2.000000000000000E-003   1.80399750000000       -1.05974121155084     
  2.000000000000000E-003   2.10433041666667       -1.00427877964548     
  2.000000000000000E-003   2.40466333333333      -0.970961287802901     
  2.000000000000000E-003   2.70499625000000      -0.959240186624265     
  2.000000000000000E-003   3.00532916666667      -0.960102786230568     
  2.000000000000000E-003   3.30566208333333      -0.955280663947039     
  2.000000000000000E-003   3.60599500000000      -0.943852758887484     
  2.000000000000000E-003   3.90632791666667      -0.879026680156548     
  2.000000000000000E-003   4.20666083333333      -0.809401787395231     
  2.000000000000000E-003   4.50699375000000      -0.740876791709323     
  2.000000000000000E-003   4.80732666666667      -0.683985395686775     
  2.000000000000000E-003   5.10765958333333      -0.642284191654862     
  2.000000000000000E-003   5.40799250000000      -0.613584959933923     
  2.000000000000000E-003   5.70832541666667      -0.594790291026955     
  2.000000000000000E-003   6.00865833333333      -0.584925753139149     
  2.000000000000000E-003   6.30899125000000      -0.584539595177224     
  2.000000000000000E-003   6.60932416666667      -0.592388140896042     
  2.000000000000000E-003   6.90965708333333      -0.593390610958855     
  2.000000000000000E-003   7.20999000000000      -0.578005666310679     
  0.302332916666667       2.000000000000000E-003  -1.80263884571665     
  0.302332916666667       0.302332916666667       -1.66076443189715     
  0.302332916666667       0.602665833333333       -1.53807367478139     
  0.302332916666667       0.902998750000000       -1.40232383062755     
  0.302332916666667        1.20333166666667       -1.27612084135490     
  0.302332916666667        1.50366458333333       -1.17308777694532     
  0.302332916666667        1.80399750000000       -1.09227442295798     
  0.302332916666667        2.10433041666667       -1.03187480968960     
  0.302332916666667        2.40466333333333      -0.992837686451451     
  0.302332916666667        2.70499625000000      -0.975838011911988     
  0.302332916666667        3.00532916666667      -0.972465267037940     
  0.302332916666667        3.30566208333333      -0.966103495699389     
  0.302332916666667        3.60599500000000      -0.939940042026404     
  0.302332916666667        3.90632791666667      -0.884547350426751     
  0.302332916666667        4.20666083333333      -0.814290915055696     
  0.302332916666667        4.50699375000000      -0.745992413988187     
  0.302332916666667        4.80732666666667      -0.689716952037538     
  0.302332916666667        5.10765958333333      -0.648415742200090     
  0.302332916666667        5.40799250000000      -0.619551170765741     
  0.302332916666667        5.70832541666667      -0.599995876252670     
  0.302332916666667        6.00865833333333      -0.588466340344607     
  0.302332916666667        6.30899125000000      -0.584525503091347     
  0.302332916666667        6.60932416666667      -0.586002591813154     
  0.302332916666667        6.90965708333333      -0.585640188926698     
  0.302332916666667        7.20999000000000      -0.579846578709816     
  0.602665833333333       2.000000000000000E-003  -1.77531937124230     
  0.602665833333333       0.302332916666667       -1.66084330660942     
  0.602665833333333       0.602665833333333       -1.50857162555375     
  0.602665833333333       0.902998750000000       -1.39080301738139     
  0.602665833333333        1.20333166666667       -1.28507203529361     
  0.602665833333333        1.50366458333333       -1.19055829349085     
  0.602665833333333        1.80399750000000       -1.11000550270622     
  0.602665833333333        2.10433041666667       -1.04543633106141     
  0.602665833333333        2.40466333333333      -0.999191055027637     
  0.602665833333333        2.70499625000000      -0.973027106725171     
  0.602665833333333        3.00532916666667      -0.959795288810218     
  0.602665833333333        3.30566208333333      -0.946488416487851     
  0.602665833333333        3.60599500000000      -0.916709717900151     
  0.602665833333333        3.90632791666667      -0.864222150251623     
  0.602665833333333        4.20666083333333      -0.799374962709051     
  0.602665833333333        4.50699375000000      -0.737108490799740     
  0.602665833333333        4.80732666666667      -0.685616161150734     
  0.602665833333333        5.10765958333333      -0.647324611845463     
  0.602665833333333        5.40799250000000      -0.619455410541179     
  0.602665833333333        5.70832541666667      -0.599400565439211     
  0.602665833333333        6.00865833333333      -0.585602833042325     
  0.602665833333333        6.30899125000000      -0.576963362080286     
  0.602665833333333        6.60932416666667      -0.572304474644873     
  0.602665833333333        6.90965708333333      -0.570667275327905     
  0.602665833333333        7.20999000000000      -0.563267415074843     
  0.902998750000000       2.000000000000000E-003  -1.69026868743156     
  0.902998750000000       0.302332916666667       -1.62800485716077     
  0.902998750000000       0.602665833333333       -1.50524744751959     
  0.902998750000000       0.902998750000000       -1.39089043098945     
  0.902998750000000        1.20333166666667       -1.28945208604712     
  0.902998750000000        1.50366458333333       -1.19732850669987     
  0.902998750000000        1.80399750000000       -1.11556941062955     
  0.902998750000000        2.10433041666667       -1.04682569890831     
  0.902998750000000        2.40466333333333      -0.993817507206574     
  0.902998750000000        2.70499625000000      -0.956350493214582     
  0.902998750000000        3.00532916666667      -0.930444168632324     
  0.902998750000000        3.30566208333333      -0.905889464932585     
  0.902998750000000        3.60599500000000      -0.872133544972923     
  0.902998750000000        3.90632791666667      -0.825186085652200     
  0.902998750000000        4.20666083333333      -0.770843703177495     
  0.902998750000000        4.50699375000000      -0.718503444111988     
  0.902998750000000        4.80732666666667      -0.674826123086676     
  0.902998750000000        5.10765958333333      -0.640751115738184     
  0.902998750000000        5.40799250000000      -0.614692134640414     
  0.902998750000000        5.70832541666667      -0.594801100668186     
  0.902998750000000        6.00865833333333      -0.579649891948875     
  0.902998750000000        6.30899125000000      -0.568162662722967     
  0.902998750000000        6.60932416666667      -0.559498867733277     
  0.902998750000000        6.90965708333333      -0.551888774110422     
  0.902998750000000        7.20999000000000      -0.538855947111168     
   1.20333166666667       2.000000000000000E-003  -1.61646765428356     
   1.20333166666667       0.302332916666667       -1.58128784527087     
   1.20333166666667       0.602665833333333       -1.49213258124213     
   1.20333166666667       0.902998750000000       -1.38932062727075     
   1.20333166666667        1.20333166666667       -1.28927265609680     
   1.20333166666667        1.50366458333333       -1.19577812755826     
   1.20333166666667        1.80399750000000       -1.11129504009143     
   1.20333166666667        2.10433041666667       -1.03932092934857     
   1.20333166666667        2.40466333333333      -0.981076563866252     
   1.20333166666667        2.70499625000000      -0.934681930923048     
   1.20333166666667        3.00532916666667      -0.897174032350998     
   1.20333166666667        3.30566208333333      -0.863371885242496     
   1.20333166666667        3.60599500000000      -0.826680914256389     
   1.20333166666667        3.90632791666667      -0.784500650534110     
   1.20333166666667        4.20666083333333      -0.739651451756525     
   1.20333166666667        4.50699375000000      -0.697455671567495     
   1.20333166666667        4.80732666666667      -0.660979612156233     
   1.20333166666667        5.10765958333333      -0.630975395193719     
   1.20333166666667        5.40799250000000      -0.606989849896138     
   1.20333166666667        5.70832541666667      -0.587876477506567     
   1.20333166666667        6.00865833333333      -0.572393266750870     
   1.20333166666667        6.30899125000000      -0.559488968304063     
   1.20333166666667        6.60932416666667      -0.548054744852678     
   1.20333166666667        6.90965708333333      -0.536152560822275     
   1.20333166666667        7.20999000000000      -0.520441769283884     
   1.50366458333333       2.000000000000000E-003  -1.56054447171909     
   1.50366458333333       0.302332916666667       -1.53723084766787     
   1.50366458333333       0.602665833333333       -1.46879947575372     
   1.50366458333333       0.902998750000000       -1.37767657979670     
   1.50366458333333        1.20333166666667       -1.28025337644109     
   1.50366458333333        1.50366458333333       -1.18534534377170     
   1.50366458333333        1.80399750000000       -1.09910051514265     
   1.50366458333333        2.10433041666667       -1.02560011445849     
   1.50366458333333        2.40466333333333      -0.963960323282887     
   1.50366458333333        2.70499625000000      -0.912507796069629     
   1.50366458333333        3.00532916666667      -0.868725369239967     
   1.50366458333333        3.30566208333333      -0.829261854826636     
   1.50366458333333        3.60599500000000      -0.790895127170463     
   1.50366458333333        3.90632791666667      -0.752139047526158     
   1.50366458333333        4.20666083333333      -0.713879776893039     
   1.50366458333333        4.50699375000000      -0.678169811421389     
   1.50366458333333        4.80732666666667      -0.646660204167574     
   1.50366458333333        5.10765958333333      -0.620003076502450     
   1.50366458333333        5.40799250000000      -0.598015075225214     
   1.50366458333333        5.70832541666667      -0.579995994000033     
   1.50366458333333        6.00865833333333      -0.564875740099901     
   1.50366458333333        6.30899125000000      -0.551563737434841     
   1.50366458333333        6.60932416666667      -0.538831372424505     
   1.50366458333333        6.90965708333333      -0.525083767330949     
   1.50366458333333        7.20999000000000      -0.508583222199439     
   1.80399750000000       2.000000000000000E-003  -1.51832271660371     
   1.80399750000000       0.302332916666667       -1.50006410329512     
   1.80399750000000       0.602665833333333       -1.44081331481506     
   1.80399750000000       0.902998750000000       -1.35637905646207     
   1.80399750000000        1.20333166666667       -1.26094324619411     
   1.80399750000000        1.50366458333333       -1.16655498678299     
   1.80399750000000        1.80399750000000       -1.08164278982575     
   1.80399750000000        2.10433041666667       -1.00754385704282     
   1.80399750000000        2.40466333333333      -0.944194901654654     
   1.80399750000000        2.70499625000000      -0.890499049478227     
   1.80399750000000        3.00532916666667      -0.844361586249096     
   1.80399750000000        3.30566208333333      -0.803202568747610     
   1.80399750000000        3.60599500000000      -0.764810104687916     
   1.80399750000000        3.90632791666667      -0.728114129971356     
   1.80399750000000        4.20666083333333      -0.693341338500550     
   1.80399750000000        4.50699375000000      -0.661438135005949     
   1.80399750000000        4.80732666666667      -0.633284635660154     
   1.80399750000000        5.10765958333333      -0.609245256777571     
   1.80399750000000        5.40799250000000      -0.589134101008368     
   1.80399750000000        5.70832541666667      -0.572368755776930     
   1.80399750000000        6.00865833333333      -0.558100653113344     
   1.80399750000000        6.30899125000000      -0.545237972941326     
   1.80399750000000        6.60932416666667      -0.532500305924080     
   1.80399750000000        6.90965708333333      -0.518497878520394     
   1.80399750000000        7.20999000000000      -0.502058841059608     
   2.10433041666667       2.000000000000000E-003  -1.49064532433641     
   2.10433041666667       0.302332916666667       -1.47159647074811     
   2.10433041666667       0.602665833333333       -1.41280599000112     
   2.10433041666667       0.902998750000000       -1.32795235185768     
   2.10433041666667        1.20333166666667       -1.23515071564810     
   2.10433041666667        1.50366458333333       -1.14429390455779     
   2.10433041666667        1.80399750000000       -1.06051770555348     
   2.10433041666667        2.10433041666667      -0.986422033143344     
   2.10433041666667        2.40466333333333      -0.922795339908937     
   2.10433041666667        2.70499625000000      -0.868839294409105     
   2.10433041666667        3.00532916666667      -0.822588025767930     
   2.10433041666667        3.30566208333333      -0.781672120879572     
   2.10433041666667        3.60599500000000      -0.744167557882031     
   2.10433041666667        3.90632791666667      -0.709138840593587     
   2.10433041666667        4.20666083333333      -0.676634259773435     
   2.10433041666667        4.50699375000000      -0.647226238566941     
   2.10433041666667        4.80732666666667      -0.621456542333297     
   2.10433041666667        5.10765958333333      -0.599510432827364     
   2.10433041666667        5.40799250000000      -0.581181149082609     
   2.10433041666667        5.70832541666667      -0.565967303954521     
   2.10433041666667        6.00865833333333      -0.553120581167688     
   2.10433041666667        6.30899125000000      -0.541589216231636     
   2.10433041666667        6.60932416666667      -0.529978870243415     
   2.10433041666667        6.90965708333333      -0.516785033277757     
   2.10433041666667        7.20999000000000      -0.500839795035032     
   2.40466333333333       2.000000000000000E-003  -1.49015553414750     
   2.40466333333333       0.302332916666667       -1.46656415668121     
   2.40466333333333       0.602665833333333       -1.39715242388766     
   2.40466333333333       0.902998750000000       -1.30688333305419     
   2.40466333333333        1.20333166666667       -1.21189141935799     
   2.40466333333333        1.50366458333333       -1.12034093161314     
   2.40466333333333        1.80399750000000       -1.03662203569388     
   2.40466333333333        2.10433041666667      -0.963094278051108     
   2.40466333333333        2.40466333333333      -0.900409781178691     
   2.40466333333333        2.70499625000000      -0.847610855316060     
   2.40466333333333        3.00532916666667      -0.802597023547272     
   2.40466333333333        3.30566208333333      -0.762965887421524     
   2.40466333333333        3.60599500000000      -0.726860225652532     
   2.40466333333333        3.90632791666667      -0.693420105645196     
   2.40466333333333        4.20666083333333      -0.662688626947648     
   2.40466333333333        4.50699375000000      -0.635147562505477     
   2.40466333333333        4.80732666666667      -0.611230333500242     
   2.40466333333333        5.10765958333333      -0.591072721559603     
   2.40466333333333        5.40799250000000      -0.574521339812874     
   2.40466333333333        5.70832541666667      -0.561227738747493     
   2.40466333333333        6.00865833333333      -0.550627782814752     
   2.40466333333333        6.30899125000000      -0.541716054082611     
   2.40466333333333        6.60932416666667      -0.532752355035949     
   2.40466333333333        6.90965708333333      -0.521470330007367     
   2.40466333333333        7.20999000000000      -0.506285600564385     
   2.70499625000000       2.000000000000000E-003  -1.52040225561657     
   2.70499625000000       0.302332916666667       -1.49164866314866     
   2.70499625000000       0.602665833333333       -1.40815046933049     
   2.70499625000000       0.902998750000000       -1.29810572936938     
   2.70499625000000        1.20333166666667       -1.19059146218814     
   2.70499625000000        1.50366458333333       -1.09468020815956     
   2.70499625000000        1.80399750000000       -1.01045048154034     
   2.70499625000000        2.10433041666667      -0.938168873010212     
   2.70499625000000        2.40466333333333      -0.877449832814788     
   2.70499625000000        2.70499625000000      -0.826786064954817     
   2.70499625000000        3.00532916666667      -0.783797199425142     
   2.70499625000000        3.30566208333333      -0.745991721286247     
   2.70499625000000        3.60599500000000      -0.711551940502428     
   2.70499625000000        3.90632791666667      -0.679704904969700     
   2.70499625000000        4.20666083333333      -0.650556105777214     
   2.70499625000000        4.50699375000000      -0.624601773274182     
   2.70499625000000        4.80732666666667      -0.602274033311272     
   2.70499625000000        5.10765958333333      -0.583753663890330     
   2.70499625000000        5.40799250000000      -0.569039544832056     
   2.70499625000000        5.70832541666667      -0.558083401385340     
   2.70499625000000        6.00865833333333      -0.550760090836504     
   2.70499625000000        6.30899125000000      -0.546433574852021     
   2.70499625000000        6.60932416666667      -0.542291992579065     
   2.70499625000000        6.90965708333333      -0.533943703331644     
   2.70499625000000        7.20999000000000      -0.519463069104177     
   3.00532916666667       2.000000000000000E-003  -1.54851288707542     
   3.00532916666667       0.302332916666667       -1.51432750256264     
   3.00532916666667       0.602665833333333       -1.41621393687963     
   3.00532916666667       0.902998750000000       -1.29025301193648     
   3.00532916666667        1.20333166666667       -1.16817262697555     
   3.00532916666667        1.50366458333333       -1.06655151014463     
   3.00532916666667        1.80399750000000      -0.982202672644108     
   3.00532916666667        2.10433041666667      -0.912031729268338     
   3.00532916666667        2.40466333333333      -0.854098960673039     
   3.00532916666667        2.70499625000000      -0.806178642074414     
   3.00532916666667        3.00532916666667      -0.765608507603384     
   3.00532916666667        3.30566208333333      -0.729861288848075     
   3.00532916666667        3.60599500000000      -0.697205338395171     
   3.00532916666667        3.90632791666667      -0.666978797629726     
   3.00532916666667        4.20666083333333      -0.639363806204678     
   3.00532916666667        4.50699375000000      -0.614891262710839     
   3.00532916666667        4.80732666666667      -0.594025333223063     
   3.00532916666667        5.10765958333333      -0.577040544857811     
   3.00532916666667        5.40799250000000      -0.564165725284659     
   3.00532916666667        5.70832541666667      -0.555823602812147     
   3.00532916666667        6.00865833333333      -0.552801122087913     
   3.00532916666667        6.30899125000000      -0.555110165555863     
   3.00532916666667        6.60932416666667      -0.557339937881718     
   3.00532916666667        6.90965708333333      -0.552486834092454     
   3.00532916666667        7.20999000000000      -0.538054824371617     
   3.30566208333333       2.000000000000000E-003  -1.53904326491154     
   3.30566208333333       0.302332916666667       -1.50692328325125     
   3.30566208333333       0.602665833333333       -1.40465041684732     
   3.30566208333333       0.902998750000000       -1.26886364802715     
   3.30566208333333        1.20333166666667       -1.13948896616660     
   3.30566208333333        1.50366458333333       -1.03453113492966     
   3.30566208333333        1.80399750000000      -0.951747548911995     
   3.30566208333333        2.10433041666667      -0.884797335034858     
   3.30566208333333        2.40466333333333      -0.830311851212433     
   3.30566208333333        2.70499625000000      -0.785476918356032     
   3.30566208333333        3.00532916666667      -0.747478746837705     
   3.30566208333333        3.30566208333333      -0.713861734220272     
   3.30566208333333        3.60599500000000      -0.683040886050092     
   3.30566208333333        3.90632791666667      -0.654476745096013     
   3.30566208333333        4.20666083333333      -0.628409800547530     
   3.30566208333333        4.50699375000000      -0.605383583960232     
   3.30566208333333        4.80732666666667      -0.585883496733546     
   3.30566208333333        5.10765958333333      -0.570276731632814     
   3.30566208333333        5.40799250000000      -0.559024819965709     
   3.30566208333333        5.70832541666667      -0.553063799700189     
   3.30566208333333        6.00865833333333      -0.554428068674969     
   3.30566208333333        6.30899125000000      -0.563016571539240     
   3.30566208333333        6.60932416666667      -0.572166053695327     
   3.30566208333333        6.90965708333333      -0.570622582717219     
   3.30566208333333        7.20999000000000      -0.555499470700599     
   3.60599500000000       2.000000000000000E-003  -1.49797359622785     
   3.60599500000000       0.302332916666667       -1.45459953247617     
   3.60599500000000       0.602665833333333       -1.35813684643045     
   3.60599500000000       0.902998750000000       -1.22546088071679     
   3.60599500000000        1.20333166666667       -1.09889542956880     
   3.60599500000000        1.50366458333333      -0.997059474727267     
   3.60599500000000        1.80399750000000      -0.918763504511251     
   3.60599500000000        2.10433041666667      -0.856381016448374     
   3.60599500000000        2.40466333333333      -0.805927965981303     
   3.60599500000000        2.70499625000000      -0.764397315544510     
   3.60599500000000        3.00532916666667      -0.729039111688781     
   3.60599500000000        3.30566208333333      -0.697586465908455     
   3.60599500000000        3.60599500000000      -0.668646276436531     
   3.60599500000000        3.90632791666667      -0.641794998422042     
   3.60599500000000        4.20666083333333      -0.617299351126329     
   3.60599500000000        4.50699375000000      -0.595680938898704     
   3.60599500000000        4.80732666666667      -0.577415972642714     
   3.60599500000000        5.10765958333333      -0.562920475905001     
   3.60599500000000        5.40799250000000      -0.552786635721848     
   3.60599500000000        5.70832541666667      -0.548214855717304     
   3.60599500000000        6.00865833333333      -0.551819880452703     
   3.60599500000000        6.30899125000000      -0.563402406969785     
   3.60599500000000        6.60932416666667      -0.576121710945435     
   3.60599500000000        6.90965708333333      -0.577204726231731     
   3.60599500000000        7.20999000000000      -0.569500533340325     
   3.90632791666667       2.000000000000000E-003  -1.38265597791449     
   3.90632791666667       0.302332916666667       -1.35633157484461     
   3.90632791666667       0.602665833333333       -1.27192300604132     
   3.90632791666667       0.902998750000000       -1.15642844297697     
   3.90632791666667        1.20333166666667       -1.04448769273227     
   3.90632791666667        1.50366458333333      -0.953711001417577     
   3.90632791666667        1.80399750000000      -0.883251026316955     
   3.90632791666667        2.10433041666667      -0.826807582478295     
   3.90632791666667        2.40466333333333      -0.780933072466667     
   3.90632791666667        2.70499625000000      -0.742915160570101     
   3.90632791666667        3.00532916666667      -0.710287754059984     
   3.90632791666667        3.30566208333333      -0.681064155108358     
   3.90632791666667        3.60599500000000      -0.654063328594152     
   3.90632791666667        3.90632791666667      -0.628961204580732     
   3.90632791666667        4.20666083333333      -0.606024067031174     
   3.90632791666667        4.50699375000000      -0.585728374634094     
   3.90632791666667        4.80732666666667      -0.568515170871983     
   3.90632791666667        5.10765958333333      -0.554790564990054     
   3.90632791666667        5.40799250000000      -0.545120419627843     
   3.90632791666667        5.70832541666667      -0.540545053115680     
   3.90632791666667        6.00865833333333      -0.543139024709265     
   3.90632791666667        6.30899125000000      -0.552764259032978     
   3.90632791666667        6.60932416666667      -0.562759508731804     
   3.90632791666667        6.90965708333333      -0.562005878647988     
   3.90632791666667        7.20999000000000      -0.547792954037239     
   4.20666083333333       2.000000000000000E-003  -1.24263341371272     
   4.20666083333333       0.302332916666667       -1.22186637813764     
   4.20666083333333       0.602665833333333       -1.15718513701601     
   4.20666083333333       0.902998750000000       -1.06905679270188     
   4.20666083333333        1.20333166666667      -0.980401209882327     
   4.20666083333333        1.50366458333333      -0.906420542548993     
   4.20666083333333        1.80399750000000      -0.846111705986675     
   4.20666083333333        2.10433041666667      -0.796602333951443     
   4.20666083333333        2.40466333333333      -0.755742087313383     
   4.20666083333333        2.70499625000000      -0.721448329008790     
   4.20666083333333        3.00532916666667      -0.691680504600492     
   4.20666083333333        3.30566208333333      -0.664775316577706     
   4.20666083333333        3.60599500000000      -0.639759849050604     
   4.20666083333333        3.90632791666667      -0.616393220214420     
   4.20666083333333        4.20666083333333      -0.594933290289556     
   4.20666083333333        4.50699375000000      -0.575813966518873     
   4.20666083333333        4.80732666666667      -0.559438238490392     
   4.20666083333333        5.10765958333333      -0.546164957346006     
   4.20666083333333        5.40799250000000      -0.536421552891668     
   4.20666083333333        5.70832541666667      -0.530829346666523     
   4.20666083333333        6.00865833333333      -0.530272834497987     
   4.20666083333333        6.30899125000000      -0.534736888681631     
   4.20666083333333        6.60932416666667      -0.538798074352174     
   4.20666083333333        6.90965708333333      -0.535573924285907     
   4.20666083333333        7.20999000000000      -0.522724511542324     
   4.50699375000000       2.000000000000000E-003  -1.09703708949690     
   4.50699375000000       0.302332916666667       -1.08381596816041     
   4.50699375000000       0.602665833333333       -1.04073031825066     
   4.50699375000000       0.902998750000000      -0.979763246191810     
   4.50699375000000        1.20333166666667      -0.916319516954783     
   4.50699375000000        1.50366458333333      -0.858966106264306     
   4.50699375000000        1.80399750000000      -0.809211863155450     
   4.50699375000000        2.10433041666667      -0.766944236026676     
   4.50699375000000        2.40466333333333      -0.731291166645353     
   4.50699375000000        2.70499625000000      -0.700857284454798     
   4.50699375000000        3.00532916666667      -0.674052954607024     
   4.50699375000000        3.30566208333333      -0.649526141480181     
   4.50699375000000        3.60599500000000      -0.626485833618239     
   4.50699375000000        3.90632791666667      -0.604760950020303     
   4.50699375000000        4.20666083333333      -0.584613680900301     
   4.50699375000000        4.50699375000000      -0.566466537408244     
   4.50699375000000        4.80732666666667      -0.550711737374590     
   4.50699375000000        5.10765958333333      -0.537663909318620     
   4.50699375000000        5.40799250000000      -0.527592132934500     
   4.50699375000000        5.70832541666667      -0.520715967961792     
   4.50699375000000        6.00865833333333      -0.517061545225302     
   4.50699375000000        6.30899125000000      -0.516021127420764     
   4.50699375000000        6.60932416666667      -0.514771257373425     
   4.50699375000000        6.90965708333333      -0.508983402895850     
   4.50699375000000        7.20999000000000      -0.496848254626114     
   4.80732666666667       2.000000000000000E-003 -0.977567680600060     
   4.80732666666667       0.302332916666667      -0.970480009211696     
   4.80732666666667       0.602665833333333      -0.943584356052390     
   4.80732666666667       0.902998750000000      -0.903766970360070     
   4.80732666666667        1.20333166666667      -0.859071292508468     
   4.80732666666667        1.50366458333333      -0.815098552201864     
   4.80732666666667        1.80399750000000      -0.774815915747782     
   4.80732666666667        2.10433041666667      -0.739402149494826     
   4.80732666666667        2.40466333333333      -0.708819397930456     
   4.80732666666667        2.70499625000000      -0.682220870289607     
   4.80732666666667        3.00532916666667      -0.658397714735965     
   4.80732666666667        3.30566208333333      -0.636243703189309     
   4.80732666666667        3.60599500000000      -0.615094698428973     
   4.80732666666667        3.90632791666667      -0.594830325750212     
   4.80732666666667        4.20666083333333      -0.575744696148920     
   4.80732666666667        4.50699375000000      -0.558306208119463     
   4.80732666666667        4.80732666666667      -0.542952750764016     
   4.80732666666667        5.10765958333333      -0.529993568590759     
   4.80732666666667        5.40799250000000      -0.519582015402543     
   4.80732666666667        5.70832541666667      -0.511670961389681     
   4.80732666666667        6.00865833333333      -0.505883105340153     
   4.80732666666667        6.30899125000000      -0.501283153427337     
   4.80732666666667        6.60932416666667      -0.496167104802774     
   4.80732666666667        6.90965708333333      -0.488337999649689     
   4.80732666666667        7.20999000000000      -0.476268894879144     
   5.10765958333333       2.000000000000000E-003 -0.892251482750526     
   5.10765958333333       0.302332916666667      -0.888749915422331     
   5.10765958333333       0.602665833333333      -0.871410022234653     
   5.10765958333333       0.902998750000000      -0.844179800870174     
   5.10765958333333        1.20333166666667      -0.811454804646816     
   5.10765958333333        1.50366458333333      -0.777362303431606     
   5.10765958333333        1.80399750000000      -0.744813942385064     
   5.10765958333333        2.10433041666667      -0.715373083433803     
   5.10765958333333        2.40466333333333      -0.689428011841037     
   5.10765958333333        2.70499625000000      -0.666495589570681     
   5.10765958333333        3.00532916666667      -0.645622125157875     
   5.10765958333333        3.30566208333333      -0.625821549800422     
   5.10765958333333        3.60599500000000      -0.606447514985801     
   5.10765958333333        3.90632791666667      -0.587386506727305     
   5.10765958333333        4.20666083333333      -0.569006781707445     
   5.10765958333333        4.50699375000000      -0.551916598723597     
   5.10765958333333        4.80732666666667      -0.536690498070505     
   5.10765958333333        5.10765958333333      -0.523695500433890     
   5.10765958333333        5.40799250000000      -0.513027278669165     
   5.10765958333333        5.70832541666667      -0.504486294273909     
   5.10765958333333        6.00865833333333      -0.497536201747821     
   5.10765958333333        6.30899125000000      -0.491249824927386     
   5.10765958333333        6.60932416666667      -0.484323886635060     
   5.10765958333333        6.90965708333333      -0.475325288427277     
   5.10765958333333        7.20999000000000      -0.463218880256488     
   5.40799250000000       2.000000000000000E-003 -0.835692180223981     
   5.40799250000000       0.302332916666667      -0.833620458154964     
   5.40799250000000       0.602665833333333      -0.820570388141607     
   5.40799250000000       0.902998750000000      -0.799596476204861     
   5.40799250000000        1.20333166666667      -0.774081773397843     
   5.40799250000000        1.50366458333333      -0.746830930140025     
   5.40799250000000        1.80399750000000      -0.720112530402359     
   5.40799250000000        2.10433041666667      -0.695523638241536     
   5.40799250000000        2.40466333333333      -0.673659213196497     
   5.40799250000000        2.70499625000000      -0.654253040671339     
   5.40799250000000        3.00532916666667      -0.636446461610305     
   5.40799250000000        3.30566208333333      -0.619151677366851     
   5.40799250000000        3.60599500000000      -0.601509613436672     
   5.40799250000000        3.90632791666667      -0.583310199368706     
   5.40799250000000        4.20666083333333      -0.565086297197594     
   5.40799250000000        4.50699375000000      -0.547775619236714     
   5.40799250000000        4.80732666666667      -0.532243918274062     
   5.40799250000000        5.10765958333333      -0.518994551636713     
   5.40799250000000        5.40799250000000      -0.508107086923250     
   5.40799250000000        5.70832541666667      -0.499286367757615     
   5.40799250000000        6.00865833333333      -0.491923066187590     
   5.40799250000000        6.30899125000000      -0.485086677727146     
   5.40799250000000        6.60932416666667      -0.477659011601000     
   5.40799250000000        6.90965708333333      -0.468453997232732     
   5.40799250000000        7.20999000000000      -0.456500706690609     
   5.70832541666667       2.000000000000000E-003 -0.802450114076342     
   5.70832541666667       0.302332916666667      -0.800151982303138     
   5.70832541666667       0.602665833333333      -0.787359004618053     
   5.70832541666667       0.902998750000000      -0.768384036798773     
   5.70832541666667        1.20333166666667      -0.746349419947300     
   5.70832541666667        1.50366458333333      -0.723150723300656     
   5.70832541666667        1.80399750000000      -0.700370633609079     
   5.70832541666667        2.10433041666667      -0.679517200285394     
   5.70832541666667        2.40466333333333      -0.661313339818498     
   5.70832541666667        2.70499625000000      -0.645632877239438     
   5.70832541666667        3.00532916666667      -0.631543785782906     
   5.70832541666667        3.30566208333333      -0.617460321787300     
   5.70832541666667        3.60599500000000      -0.601760062603192     
   5.70832541666667        3.90632791666667      -0.583869900834092     
   5.70832541666667        4.20666083333333      -0.564774066838531     
   5.70832541666667        4.50699375000000      -0.546222431133411     
   5.70832541666667        4.80732666666667      -0.529647552073448     
   5.70832541666667        5.10765958333333      -0.515746270957172     
   5.70832541666667        5.40799250000000      -0.504565593166274     
   5.70832541666667        5.70832541666667      -0.495691915904283     
   5.70832541666667        6.00865833333333      -0.488332200519376     
   5.70832541666667        6.30899125000000      -0.481640190587708     
   5.70832541666667        6.60932416666667      -0.474634216035382     
   5.70832541666667        6.90965708333333      -0.466052850793415     
   5.70832541666667        7.20999000000000      -0.454557339797420     
   6.00865833333333       2.000000000000000E-003 -0.789910265630384     
   6.00865833333333       0.302332916666667      -0.784862149917687     
   6.00865833333333       0.602665833333333      -0.767695980983802     
   6.00865833333333       0.902998750000000      -0.746992708186695     
   6.00865833333333        1.20333166666667      -0.725714971582692     
   6.00865833333333        1.50366458333333      -0.704472877184867     
   6.00865833333333        1.80399750000000      -0.684144724164973     
   6.00865833333333        2.10433041666667      -0.666124402031793     
   6.00865833333333        2.40466333333333      -0.651524513901992     
   6.00865833333333        2.70499625000000      -0.640446353697541     
   6.00865833333333        3.00532916666667      -0.631892300349010     
   6.00865833333333        3.30566208333333      -0.623136761480786     
   6.00865833333333        3.60599500000000      -0.610155875222497     
   6.00865833333333        3.90632791666667      -0.591382161901346     
   6.00865833333333        4.20666083333333      -0.569099298110524     
   6.00865833333333        4.50699375000000      -0.547362305008589     
   6.00865833333333        4.80732666666667      -0.528561139961847     
   6.00865833333333        5.10765958333333      -0.513428259949150     
   6.00865833333333        5.40799250000000      -0.501799785041133     
   6.00865833333333        5.70832541666667      -0.492913798111767     
   6.00865833333333        6.00865833333333      -0.485889385455274     
   6.00865833333333        6.30899125000000      -0.479964332417580     
   6.00865833333333        6.60932416666667      -0.474313198062282     
   6.00865833333333        6.90965708333333      -0.467492580568026     
   6.00865833333333        7.20999000000000      -0.457021295134055     
   6.30899125000000       2.000000000000000E-003 -0.796823257421928     
   6.30899125000000       0.302332916666667      -0.784041849598298     
   6.30899125000000       0.602665833333333      -0.756709597470550     
   6.30899125000000       0.902998750000000      -0.731767836812719     
   6.30899125000000        1.20333166666667      -0.709359272595880     
   6.30899125000000        1.50366458333333      -0.688309491485211     
   6.30899125000000        1.80399750000000      -0.669245008711226     
   6.30899125000000        2.10433041666667      -0.653574330730007     
   6.30899125000000        2.40466333333333      -0.642877635963022     
   6.30899125000000        2.70499625000000      -0.638055933817551     
   6.30899125000000        3.00532916666667      -0.637841983287101     
   6.30899125000000        3.30566208333333      -0.636413725080133     
   6.30899125000000        3.60599500000000      -0.626698776152249     
   6.30899125000000        3.90632791666667      -0.605843738994579     
   6.30899125000000        4.20666083333333      -0.578186901022583     
   6.30899125000000        4.50699375000000      -0.550682450903596     
   6.30899125000000        4.80732666666667      -0.528086026634916     
   6.30899125000000        5.10765958333333      -0.511124018309555     
   6.30899125000000        5.40799250000000      -0.498873750925158     
   6.30899125000000        5.70832541666667      -0.490109757706158     
   6.30899125000000        6.00865833333333      -0.483860396069011     
   6.30899125000000        6.30899125000000      -0.479371276022984     
   6.30899125000000        6.60932416666667      -0.476048216894405     
   6.30899125000000        6.90965708333333      -0.472658337475840     
   6.30899125000000        7.20999000000000      -0.464515185076422     
   6.60932416666667       2.000000000000000E-003 -0.816112716819363     
   6.60932416666667       0.302332916666667      -0.787753407546469     
   6.60932416666667       0.602665833333333      -0.749135856743852     
   6.60932416666667       0.902998750000000      -0.720625972527121     
   6.60932416666667        1.20333166666667      -0.695265444687643     
   6.60932416666667        1.50366458333333      -0.672525695365646     
   6.60932416666667        1.80399750000000      -0.653602233804268     
   6.60932416666667        2.10433041666667      -0.639918509483159     
   6.60932416666667        2.40466333333333      -0.633338363046081     
   6.60932416666667        2.70499625000000      -0.635469344157659     
   6.60932416666667        3.00532916666667      -0.643575724957645     
   6.60932416666667        3.30566208333333      -0.650252996610753     
   6.60932416666667        3.60599500000000      -0.644177737194908     
   6.60932416666667        3.90632791666667      -0.620385646418340     
   6.60932416666667        4.20666083333333      -0.586575117274450     
   6.60932416666667        4.50699375000000      -0.553402830536802     
   6.60932416666667        4.80732666666667      -0.526537124207667     
   6.60932416666667        5.10765958333333      -0.507528072633463     
   6.60932416666667        5.40799250000000      -0.494680508536735     
   6.60932416666667        5.70832541666667      -0.486346920853594     
   6.60932416666667        6.00865833333333      -0.481528385495320     
   6.60932416666667        6.30899125000000      -0.479466527425534     
   6.60932416666667        6.60932416666667      -0.479280044679545     
   6.60932416666667        6.90965708333333      -0.480413534507481     
   6.60932416666667        7.20999000000000      -0.476711086130553     
   6.90965708333333       2.000000000000000E-003 -0.811434914910976     
   6.90965708333333       0.302332916666667      -0.779288470119329     
   6.90965708333333       0.602665833333333      -0.747215133139670     
   6.90965708333333       0.902998750000000      -0.712876236320978     
   6.90965708333333        1.20333166666667      -0.680850958426513     
   6.90965708333333        1.50366458333333      -0.654867261655277     
   6.90965708333333        1.80399750000000      -0.635511727473207     
   6.90965708333333        2.10433041666667      -0.623396540676885     
   6.90965708333333        2.40466333333333      -0.620304694322497     
   6.90965708333333        2.70499625000000      -0.627244450515054     
   6.90965708333333        3.00532916666667      -0.640784143950771     
   6.90965708333333        3.30566208333333      -0.651972610712397     
   6.90965708333333        3.60599500000000      -0.648758275703219     
   6.90965708333333        3.90632791666667      -0.623491469712327     
   6.90965708333333        4.20666083333333      -0.587162209081412     
   6.90965708333333        4.50699375000000      -0.550963969687505     
   6.90965708333333        4.80732666666667      -0.521607631479587     
   6.90965708333333        5.10765958333333      -0.501143188701343     
   6.90965708333333        5.40799250000000      -0.488037258445378     
   6.90965708333333        5.70832541666667      -0.480418754414458     
   6.90965708333333        6.00865833333333      -0.477593735874738     
   6.90965708333333        6.30899125000000      -0.479365422600125     
   6.90965708333333        6.60932416666667      -0.484122157203218     
   6.90965708333333        6.90965708333333      -0.486610062103188     
   6.90965708333333        7.20999000000000      -0.484691804324420     
   7.20999000000000       2.000000000000000E-003 -0.773451894308552     
   7.20999000000000       0.302332916666667      -0.775233593776547     
   7.20999000000000       0.602665833333333      -0.743755070957036     
   7.20999000000000       0.902998750000000      -0.697634848260083     
   7.20999000000000        1.20333166666667      -0.660008475823178     
   7.20999000000000        1.50366458333333      -0.632567486717380     
   7.20999000000000        1.80399750000000      -0.613619552392100     
   7.20999000000000        2.10433041666667      -0.602856333476916     
   7.20999000000000        2.40466333333333      -0.601657996196344     
   7.20999000000000        2.70499625000000      -0.610384168956076     
   7.20999000000000        3.00532916666667      -0.625031758954157     
   7.20999000000000        3.30566208333333      -0.636330744994950     
   7.20999000000000        3.60599500000000      -0.642608710136281     
   7.20999000000000        3.90632791666667      -0.611756312424690     
   7.20999000000000        4.20666083333333      -0.576716052986656     
   7.20999000000000        4.50699375000000      -0.540898232499028     
   7.20999000000000        4.80732666666667      -0.511389044031167     
   7.20999000000000        5.10765958333333      -0.490804558851919     
   7.20999000000000        5.40799250000000      -0.477928050926270     
   7.20999000000000        5.70832541666667      -0.470949368804818     
   7.20999000000000        6.00865833333333      -0.469483005382019     
   7.20999000000000        6.30899125000000      -0.474223874493341     
   7.20999000000000        6.60932416666667      -0.484486342809880     
   7.20999000000000        6.90965708333333      -0.489041393958082     
   7.20999000000000        7.20999000000000      -0.479891479405936     
